3001, 1.60504
3001, -1.26053
3001, 0.168573
3002, 0.869424
3002, 0.570674
3002, 1.21116
3003, -0.0197011
3003, 1.63896
3003, -1.4161
3004, -0.237645
3004, 0.794696
3004, 0.573165
3005, 1.18589
3005, 0.0416145
3005, 1.63004
3006, -1.36853
3006, -0.107865
3006, 0.853806
3007, 0.514656
3007, 1.26727
3007, -0.175579
3008, 1.62535
3008, -1.41845
3008, -0.248386
3009, 0.78877
3009, 0.579326
3009, 1.17701
3010, 0.0644381
3010, 1.62495
3010, -1.34514
3011, -0.0459065
3011, 0.870352
3011, 0.504716
3012, 1.28237
3012, -0.217051
3012, 1.6136
3013, -1.39282
3013, -0.17986
3013, 0.825805
3014, 0.540088
3014, 1.23205
3014, -0.0799128
3015, 1.63923
3015, -1.43504
3015, -0.291578
3016, 0.76047
3016, 0.610212
3016, 1.13178
3017, 0.178133
3017, 1.5838
3017, -1.17899
3018, 0.361119
3018, 0.791896
3018, 0.757237
3019, 0.940161
3019, 0.619269
3019, 1.17455
3020, 0.0822018
3020, 1.62161
3020, -1.32896
3021, -0.00364162
3021, 0.8773
3021, 0.505252
3022, 1.28391
3022, -0.220849
3022, 1.6124
3023, -1.39008
3023, -0.172614
3023, 0.829179
3024, 0.536678
3024, 1.23673
3024, -0.0924992
3025, 1.63846
3025, -1.43631
3025, -0.29545
3026, 0.757816
3026, 0.61308
3026, 1.12748
3027, 0.188719
3027, 1.57863
3027, -1.15945
3028, 0.405259
3028, 0.76393
3028, 0.813989
3029, 0.842601
3029, 0.810221
3029, 0.872323
3030, 0.758119
3030, 0.962952
3030, 0.576159
3031, 1.23293
3031, -0.0712613
3031, 1.6408
3032, -1.4376
3032, -0.298462
3032, 0.75564
3033, 0.61547
3033, 1.12389
3033, 0.197515
3034, 1.57415
3034, -1.14271
3034, 0.442467
3035, 0.737411
3035, 0.864965
3035, 0.749059
3036, 0.974401
3036, 0.551261
3036, 1.26443
3037, -0.157409
3037, 1.63055
3037, -1.42992
3038, -0.279512
3038, 0.768896
3038, 0.600945
3039, 1.14553
3039, 0.144035
3039, 1.59891
3040, -1.23732
3040, 0.224722
3040, 0.854305
3041, 0.613579
3041, 1.15581
3041, 0.124172
3042, 1.60732
3042, -1.27024
3042, 0.144683
3043, 0.873994
3043, 0.555539
3043, 1.22957
3044, -0.0691925
3044, 1.64008
3044, -1.43464
3045, -0.290155
3045, 0.761419
3045, 0.609194
3046, 1.13331
3046, 0.174371
3046, 1.58559
3047, -1.18578
3047, 0.345612
3047, 0.80082
3048, 0.738372
3048, 0.971053
3048, 0.554567
3049, 1.25977
3049, -0.144653
3049, 1.63301
3050, -1.43411
3050, -0.290762
3050, 0.761225
3051, 0.609307
3051, 1.13311
3051, 0.174849
3052, 1.58536
3052, -1.18492
3052, 0.347581
3053, 0.799713
3053, 0.740734
3053, 0.967227
3054, 0.562692
3054, 1.24955
3054, -0.116557
3055, 1.63728
3055, -1.43965
3055, -0.3054
3056, 0.750837
3056, 0.620624
3056, 1.11608
3057, 0.21656
3057, 1.56392
3057, -1.10489
3058, 0.524389
3058, 0.669549
3058, 0.985021
3059, 0.506598
3059, 1.31486
3059, -0.30089
3060, 1.57992
3060, -1.31043
3060, 0.0327522
3061, 0.881798
3061, 0.508257
3061, 1.28221
3062, -0.215596
3062, 1.61418
3062, -1.39426
3063, -0.183718
3063, 0.823969
3063, 0.541961
3064, 1.22947
3064, -0.0730068
3064, 1.63951
3065, -1.4339
3065, -0.28821
3065, 0.762766
3066, 0.607725
3066, 1.1355
3066, 0.168958
3067, 1.5881
3067, -1.19538
3067, 0.323487
3068, 0.812741
3068, 0.712499
3068, 1.01217
3069, 0.465267
3069, 1.36318
3069, -0.442672
3070, 1.48899
3070, -1.07391
3070, 0.569423
3071, 0.629586
3071, 1.05045
3071, 0.361433
3072, 1.4605
3072, -0.748634
3072, 1.1537
3073, -0.279609
3073, 1.54393
3073, -1.1916
3074, 0.319275
3074, 0.816584
3074, 0.704973
3075, 1.02399
3075, 0.438939
3075, 1.39053
3076, -0.525888
3076, 1.4166
3076, -0.888523
3077, 0.911507
3077, 0.178597
3077, 1.51756
3078, -0.973395
3078, 0.783769
3078, 0.369687
3079, 1.37446
3079, -0.50224
3079, 1.43609
3080, -0.937038
3080, 0.828789
3080, 0.307998
3081, 1.42977
3081, -0.675854
3081, 1.24815
3082, -0.484643
3082, 1.41557
3082, -0.873224
3083, 0.93815
3083, 0.133908
3083, 1.53951
3084, -1.05393
3084, 0.627086
3084, 0.566584
3085, 1.14311
3085, 0.139277
3085, 1.59953
3086, -1.24073
3086, 0.216457
3086, 0.856928
3087, 0.606611
3087, 1.1651
3087, 0.100521
3088, 1.61543
3088, -1.30345
3088, 0.061657
3089, 0.881165
3089, 0.518046
3089, 1.27198
3090, -0.186514
3090, 1.62281
3090, -1.41345
3091, -0.235008
3091, 0.796735
3091, 0.570711
3092, 1.18931
3092, 0.0327552
3092, 1.63172
3093, -1.37668
3093, -0.129742
3093, 0.846162
3094, 0.521088
3094, 1.25832
3094, -0.151034
3095, 1.63068
3095, -1.42844
3095, -0.275234
3096, 0.771714
3096, 0.597887
3096, 1.15005
3097, 0.132761
3097, 1.60339
3097, -1.25503
3098, 0.181927
3098, 0.866395
3098, 0.579938
3099, 1.19959
3099, 0.0109655
3099, 1.63576
3100, -1.39641
3100, -0.183235
3100, 0.823502
3101, 0.542874
3101, 1.22834
3101, -0.0699518
3102, 1.63961
3102, -1.4333
3102, -0.286467
3103, 0.763946
3103, 0.606446
3103, 1.13741
3104, 0.164238
3104, 1.59025
3104, -1.20362
3105, 0.30438
3105, 0.822268
3105, 0.69119
3106, 1.04494
3106, 0.391465
3106, 1.43624
3107, -0.669334
3107, 1.25886
3107, -0.509536
3108, 1.39403
3108, -0.820186
3108, 1.0215
3109, -0.0135275
3109, 1.58227
3109, -1.23163
3110, 0.233764
3110, 0.851865
3110, 0.620456
3111, 1.14659
3111, 0.147459
3111, 1.59823
3112, -1.23412
3112, 0.23243
3112, 0.851742
3113, 0.620265
3113, 1.14679
3113, 0.146944
3114, 1.59845
3114, -1.23494
3114, 0.230445
3115, 0.852412
3115, 0.618528
3115, 1.14915
3116, 0.141021
3116, 1.60086
3116, -1.24444
3117, 0.207634
3117, 0.859557
3117, 0.599452
3118, 1.17452
3118, 0.0763271
3118, 1.62253
3119, -1.33371
3119, -0.0160246
3119, 0.87563
3120, 0.504465
3120, 1.2842
3120, -0.221841
3121, 1.61205
3121, -1.38925
3121, -0.170402
3122, 0.830188
3122, 0.535667
3122, 1.23812
3123, -0.0962345
3123, 1.63817
3123, -1.43648
3124, -0.296036
3124, 0.757417
3124, 0.613509
3125, 1.12683
3125, 0.190301
3125, 1.57784
3126, -1.15647
3126, 0.411921
3126, 0.759379
3127, 0.822919
3127, 0.826618
3127, 0.839579
3128, 0.819093
3128, 0.85696
3128, 0.787348
3129, 0.913171
3129, 0.678323
3129, 1.08983
3130, 0.291768
3130, 1.51782
3130, -0.940248
3131, 0.84728
3131, 0.276043
3131, 1.45398
3132, -0.755258
3132, 1.14178
3132, -0.254241
3133, 1.5539
3133, -1.21486
3133, 0.266273
3134, 0.840639
3134, 0.649207
3134, 1.10672
3135, 0.245928
3135, 1.54754
3135, -1.04509
3136, 0.64805
3136, 0.542504
3136, 1.1761
3137, 0.0555303
3137, 1.62575
3137, -1.3504
3138, -0.0598458
3138, 0.8673
3138, 0.505838
3139, 1.28032
3139, -0.211463
3139, 1.61538
3140, -1.39689
3140, -0.190681
3140, 0.820575
3141, 0.545453
3141, 1.22465
3141, -0.0601396
3142, 1.63978
3142, -1.43092
3142, -0.279592
3143, 0.768553
3143, 0.601449
3143, 1.14483
3144, 0.145809
3144, 1.59819
3144, -1.23446
3145, 0.231563
3145, 0.85204
3145, 0.619497
3146, 1.14784
3146, 0.144321
3146, 1.59952
3147, -1.23918
3147, 0.220302
3147, 0.855715
3148, 0.609843
3148, 1.16081
3148, 0.111483
3149, 1.61181
3149, -1.2885
3149, 0.09932
3150, 0.879587
3150, 0.532124
3150, 1.25672
3151, -0.143709
3151, 1.63236
3151, -1.43172
3152, -0.284125
3152, 0.765755
3152, 0.604381
3153, 1.14045
3153, 0.156687
3153, 1.59358
3154, -1.2165
3154, 0.274193
3154, 0.835867
3155, 0.659584
3155, 1.09171
3155, 0.282047
3156, 1.52396
3156, -0.961846
3156, 0.80804
3157, 0.334517
3157, 1.40651
3157, -0.601915
3158, 1.33565
3158, -0.688538
3158, 1.20261
3159, -0.376833
3159, 1.49478
3159, -1.07142
3160, 0.5765
3160, 0.622223
3160, 1.06179
3161, 0.335272
3161, 1.48213
3161, -0.820125
3162, 1.04803
3162, -0.0684115
3162, 1.58573
3163, -1.25906
3163, 0.16648
3163, 0.870566
3164, 0.56806
3164, 1.21448
3164, -0.0285387
3165, 1.63953
3165, -1.42062
3165, -0.250293
3166, 0.787168
3166, 0.581278
3166, 1.17427
3167, 0.0714819
3167, 1.62317
3167, -1.33724
3168, -0.0252518
3168, 0.874191
3168, 0.504214
3169, 1.28403
3169, -0.221457
3169, 1.61216
3170, -1.38951
3170, -0.171092
3170, 0.829874
3171, 0.535981
3171, 1.23769
3171, -0.0950735
3172, 1.63827
3172, -1.43644
3172, -0.295882
3173, 0.757522
3173, 0.613396
3173, 1.127
3174, 0.189887
3174, 1.57804
3174, -1.15726
3175, 0.410173
3175, 0.760581
3175, 0.820568
3176, 0.830842
3176, 0.831871
3176, 0.833243
3177, 0.831268
3177, 0.834967
3177, 0.828211
3178, 0.840556
3178, 0.817929
3178, 0.859159
3179, 0.783224
3179, 0.920308
3179, 0.664
3180, 1.1112
3180, 0.240443
3180, 1.55155
3181, -1.05916
3181, 0.619639
3181, 0.574299
3182, 1.13207
3182, 0.166702
3182, 1.58783
3183, -1.1952
3183, 0.323845
3183, 0.812564
3184, 0.712893
3184, 1.01155
3184, 0.46663
3185, 1.36172
3185, -0.438298
3185, 1.49241
3186, -1.08278
3186, 0.551307
3186, 0.647226
3187, 1.02249
3187, 0.424682
3187, 1.40239
3188, -0.563298
3188, 1.37941
3188, -0.795769
3189, 1.05658
3189, -0.0790835
3189, 1.58672
3190, -1.2654
3190, 0.150776
3190, 0.873646
3191, 0.557975
3191, 1.22676
3191, -0.0615427
3192, 1.64024
3192, -1.43285
3192, -0.284986
3193, 0.764928
3193, 0.605389
3193, 1.13898
3194, 0.160337
3194, 1.59199
3194, -1.21032
3195, 0.28872
3195, 0.829545
3195, 0.674472
3196, 1.06995
3196, 0.333545
3196, 1.48573
3197, -0.831338
3197, 1.0306
3197, -0.0355301
3198, 1.58392
3198, -1.24345
3198, 0.205006
3199, 0.860937
3199, 0.596289
3199, 1.17872
3200, 0.0655029
3200, 1.62533
3200, -1.34603
3201, -0.0482067
3201, 0.869866
3201, 0.504871
3202, 1.28207
3202, -0.216231
3202, 1.61386
3203, -1.39343
3203, -0.181477
3203, 0.825038
3204, 0.540869
3204, 1.23097
3204, -0.0770329
3205, 1.63936
3205, -1.4346
3205, -0.29028
3206, 0.761356
3206, 0.609252
3206, 1.13322
3207, 0.174592
3207, 1.58548
3207, -1.18538
3208, 0.34652
3208, 0.80031
3208, 0.73946
3209, 0.969292
3209, 0.558311
3209, 1.25508
3210, -0.131722
3210, 1.63517
3210, -1.4373
3211, -0.299292
3211, 0.755233
3211, 0.615836
3212, 1.12332
3212, 0.198911
3212, 1.57343
3213, -1.14001
3213, 0.448414
3213, 0.732923
3214, 0.873348
3214, 0.73314
3214, 1.00051
3215, 0.49492
3215, 1.33121
3215, -0.347636
3216, 1.55451
3216, -1.2448
3216, 0.192836
3217, 0.865376
3217, 0.584976
3217, 1.19342
3218, 0.0272512
3218, 1.63328
3218, -1.38344
3219, -0.147908
3219, 0.839093
3219, 0.527551
3220, 1.24942
3220, -0.126779
3220, 1.63475
3221, -1.43445
3221, -0.291218
3221, 0.760857
3222, 0.609731
3222, 1.13249
3222, 0.176396
3223, 1.58463
3223, -1.18213
3223, 0.353949
3224, 0.79608
3224, 0.748441
3224, 0.95466
3225, 0.589157
3225, 1.21529
3225, -0.0241877
3226, 1.64
3226, -1.42086
3226, -0.250856
3227, 0.786812
3227, 0.58167
3227, 1.1737
3228, 0.0729216
3228, 1.62279
3228, -1.33558
3229, -0.0209414
3229, 0.874887
3229, 0.504291
3230, 1.28416
3230, -0.221772
3230, 1.61206
3231, -1.38928
3231, -0.170487
3231, 0.830149
3232, 0.535706
3232, 1.23806
3232, -0.0960904
3233, 1.63819
3233, -1.43648
3233, -0.296019
3234, 0.757429
3234, 0.613496
3234, 1.12685
3235, 0.190254
3235, 1.57786
3235, -1.15656
3236, 0.41172
3236, 0.759518
3236, 0.822648
3237, 0.827105
3237, 0.838692
3237, 0.820728
3238, 0.854014
3238, 0.792879
3238, 0.903547
3239, 0.697466
3239, 1.0606
3239, 0.360358
3240, 1.46432
3240, -0.760137
3240, 1.13749
3241, -0.245924
3241, 1.55677
3241, -1.22131
3242, 0.251444
3242, 0.846384
3242, 0.635067
3243, 1.12661
3243, 0.197281
3243, 1.57506
3244, -1.14564
3244, 0.436036
3244, 0.742181
3245, 0.855978
3245, 0.765957
3245, 0.946104
3246, 0.610675
3246, 1.18691
3246, 0.0504528
3247, 1.62953
3247, -1.36422
3247, -0.0962429
3248, 0.857471
3248, 0.511871
3248, 1.27123
3249, -0.186463
3249, 1.6226
3249, -1.41277
3250, -0.233142
3250, 0.797814
3250, 0.569551
3251, 1.19096
3251, 0.0284897
3251, 1.63248
3252, -1.38043
3252, -0.139839
3252, 0.842317
3253, 0.524551
3253, 1.25354
3253, -0.138001
3254, 1.63302
3254, -1.43215
3254, -0.285144
3255, 0.765048
3255, 0.605158
3255, 1.1393
3256, 0.159547
3256, 1.59233
3256, -1.21166
3257, 0.285572
3257, 0.83095
3257, 0.671195
3258, 1.07478
3258, 0.3222
3258, 1.49462
3259, -0.861234
3259, 0.982662
3259, 0.0520046
3260, 1.56809
3260, -1.16732
3260, 0.383797
3261, 0.778505
3261, 0.78507
3261, 0.893217
3262, 0.713684
3262, 1.03462
3262, 0.419666
3263, 1.41027
3263, -0.586952
3263, 1.35457
3264, -0.734938
3264, 1.14224
3264, -0.249186
3265, 1.55658
3265, -1.22169
3265, 0.25045
3266, 0.846768
3266, 0.634118
3266, 1.12792
3267, 0.194022
3267, 1.57673
3267, -1.15188
3268, 0.422193
3268, 0.752189
3268, 0.836869
3269, 0.801307
3269, 0.884968
3269, 0.733224
3270, 1.00387
3270, 0.488205
3270, 1.33882
3271, -0.369972
3271, 1.54077
3271, -1.20895
3272, 0.276664
3272, 0.836771
3272, 0.658813
3273, 1.093
3273, 0.279002
3273, 1.52606
3274, -0.969148
3274, 0.794569
3274, 0.353916
3275, 1.38911
3275, -0.547464
3275, 1.39302
3276, -0.828737
3276, 1.0071
3276, 0.0131266
3277, 1.57796
3277, -1.21001
3277, 0.285255
3278, 0.831626
3278, 0.669975
3278, 1.07662
3279, 0.31788
3279, 1.49794
3279, -0.872455
3280, 0.964203
3280, 0.0845752
3280, 1.55811
3281, -1.12633
3281, 0.474817
3281, 0.71265
3282, 0.910575
3282, 0.660649
3282, 1.11272
3283, 0.236058
3283, 1.55409
3283, -1.06838
3284, 0.600786
3284, 0.594541
3284, 1.10276
3285, 0.238289
3285, 1.55005
3285, -1.05515
3286, 0.627665
3286, 0.565491
3286, 1.14452
3287, 0.135721
3287, 1.60094
3287, -1.24628
3288, 0.203069
3288, 0.860879
3288, 0.595808
3289, 1.17928
3289, 0.0640481
3289, 1.62568
3290, -1.34762
3290, -0.0523864
3290, 0.868968
3291, 0.505178
3291, 1.28149
3291, -0.214652
3292, 1.61437
3292, -1.39459
3292, -0.18456
3293, 0.823562
3293, 0.542378
3293, 1.22889
3294, -0.0714677
3294, 1.63956
3294, -1.4336
3295, -0.287339
3295, 0.763356
3295, 0.607085
3296, 1.13645
3296, 0.166597
3296, 1.58918
3297, -1.19952
3297, 0.313908
3297, 0.817606
3298, 0.701693
3298, 1.02891
3298, 0.427854
3299, 1.40161
3299, -0.560164
3299, 1.3827
3300, -0.80391
3300, 1.04454
3300, -0.0562352
3301, 1.5862
3301, -1.2569
3301, 0.172065
3302, 0.869324
3302, 0.571895
3302, 1.20973
3303, -0.015886
3303, 1.63867
3303, -1.414
3304, -0.231788
3304, 0.798075
3304, 0.56954
3305, 1.19105
3305, 0.0282692
3305, 1.63251
3306, -1.38062
3306, -0.140369
3306, 0.842109
3307, 0.524741
3307, 1.25328
3307, -0.137287
3308, 1.63314
3308, -1.43232
3308, -0.285599
3309, 0.764737
3309, 0.605497
3309, 1.13879
3310, 0.160796
3310, 1.59178
3310, -1.20953
3311, 0.290562
3311, 0.828714
3311, 0.676402
3312, 1.06709
3312, 0.340231
3312, 1.48037
3313, -0.813429
3313, 1.05845
3313, -0.0883346
3314, 1.58573
3314, -1.26504
3314, 0.151389
3315, 0.873569
3315, 0.558294
3315, 1.22638
3316, -0.0605163
3316, 1.64025
3316, -1.43258
3317, -0.284208
3317, 0.765452
3317, 0.604821
3318, 1.13983
3318, 0.158241
3318, 1.59291
3319, -1.21388
3319, 0.280359
3319, 0.833234
3320, 0.665829
3320, 1.08264
3320, 0.303636
3321, 1.5086
3321, -0.908776
3321, 0.902706
3322, 0.18849
3322, 1.51128
3322, -0.951431
3323, 0.824165
3323, 0.311323
3323, 1.42633
3324, -0.665012
3324, 1.26166
3324, -0.515281
3325, 1.38898
3325, -0.807856
3325, 1.04006
3326, -0.0480886
3326, 1.58571
3326, -1.25289
3327, 0.181974
3327, 0.867018
3327, 0.578872
3328, 1.20101
3328, 0.00723182
3328, 1.63625
3329, -1.39915
3329, -0.190742
3329, 0.819873
3330, 0.546586
3330, 1.22321
3330, -0.0562564
3331, 1.6398
3331, -1.42981
3331, -0.27642
3332, 0.770649
3332, 0.599175
3332, 1.14818
3333, 0.137425
3333, 1.60157
3333, -1.2478
3334, 0.199471
3334, 0.861872
3334, 0.593018
3335, 1.18289
3335, 0.0546737
3335, 1.62788
3336, -1.35759
3336, -0.0786741
3336, 0.862535
3337, 0.508431
3337, 1.27626
3337, -0.200305
3338, 1.61876
3338, -1.40446
3338, -0.210882
3339, 0.810191
3339, 0.556327
3339, 1.20956
3340, -0.0201326
3340, 1.63846
3340, -1.4146
3341, -0.233548
3341, 0.797076
3341, 0.570606
3342, 1.18953
3342, 0.032195
3342, 1.63182
3343, -1.37719
3343, -0.1311
3343, 0.845656
3344, 0.521535
3344, 1.2577
3344, -0.149343
3345, 1.63101
3345, -1.42898
3345, -0.276692
3346, 0.770747
3346, 0.598942
3346, 1.14849
3347, 0.136648
3347, 1.60187
3347, -1.24901
3348, 0.19654
3348, 0.862669
3348, 0.590764
3349, 1.1858
3349, 0.0471094
3349, 1.62952
3350, -1.3652
3350, -0.0989262
3350, 0.856652
3351, 0.512469
3351, 1.27037
3351, -0.184103
3352, 1.62322
3352, -1.41407
3352, -0.236618
3353, 0.795792
3353, 0.571729
3353, 1.18786
3354, 0.0365001
3354, 1.63103
3354, -1.3733
3355, -0.120639
3355, 0.849457
3355, 0.518231
3356, 1.26227
3356, -0.161864
3356, 1.62848
3357, -1.42451
3357, -0.264692
3357, 0.778585
3358, 0.590399
3358, 1.161
3358, 0.105187
3359, 1.61324
3359, -1.29498
3359, 0.0830042
3360, 0.880617
3360, 0.525415
3360, 1.26412
3361, -0.164386
3361, 1.62821
3361, -1.4244
3362, -0.264447
3362, 0.778748
3362, 0.590217
3363, 1.16127
3363, 0.104521
3363, 1.61346
3364, -1.29588
3364, 0.0807224
3364, 0.880719
3365, 0.524551
3365, 1.26506
3365, -0.167016
3366, 1.62762
3366, -1.42327
3366, -0.261397
3367, 0.780692
3367, 0.588101
3367, 1.16434
3368, 0.096731
3368, 1.61595
3368, -1.30626
3369, 0.0544579
3369, 0.881155
3369, 0.515903
3370, 1.27419
3370, -0.192791
3370, 1.62109
3371, -1.40977
3371, -0.225115
3371, 0.802393
3372, 0.564631
3372, 1.19791
3372, 0.0104002
3373, 1.63526
3373, -1.39497
3373, -0.179365
3374, 0.825337
3374, 0.54101
3374, 1.23091
3375, -0.0768351
3375, 1.63937
3375, -1.43458
3376, -0.290214
3376, 0.761401
3376, 0.609204
3377, 1.13329
3377, 0.174414
3377, 1.58557
3378, -1.1857
3378, 0.345789
3378, 0.800721
3379, 0.738583
3379, 0.970711
3379, 0.555295
3380, 1.25886
3380, -0.142141
3380, 1.63345
3381, -1.43481
3381, -0.292657
3381, 0.759908
3382, 0.610743
3382, 1.13096
3382, 0.180141
3383, 1.58284
3383, -1.17534
3383, 0.369438
3384, 0.786915
3384, 0.767597
3384, 0.922869
3385, 0.654591
3385, 1.12437
3385, 0.208167
3386, 1.56998
3386, -1.12638
3386, 0.478262
3387, 0.709351
3387, 0.916299
3387, 0.649201
3388, 1.12943
3388, 0.195155
3388, 1.57674
3389, -1.15157
3389, 0.422905
3389, 0.751679
3390, 0.83785
3390, 0.799512
3390, 0.888136
3391, 0.727069
3391, 1.01381
3391, 0.466307
3392, 1.3627
3392, -0.441063
3392, 1.49027
3393, -1.07723
3393, 0.562648
3393, 0.636257
3394, 1.03997
3394, 0.385335
3394, 1.43951
3395, -0.680584
3395, 1.24466
3395, -0.477348
3396, 1.42154
3396, -0.887971
3396, 0.913969
3397, 0.174269
3397, 1.51982
3397, -0.981576
3398, 0.768456
3398, 0.391003
3398, 1.35365
3399, -0.439076
3399, 1.48931
3399, -1.07376
3400, 0.569827
3400, 0.629168
3400, 1.0511
3401, 0.359949
3401, 1.46177
3401, -0.752775
3402, 1.14786
3402, -0.267416
3402, 1.54885
3403, -1.20315
3403, 0.29308
3403, 0.829159
3404, 0.67642
3404, 1.0672
3404, 0.340003
3405, 1.48056
3405, -0.814055
3405, 1.05748
3406, -0.0864858
3406, 1.58576
3406, -1.2646
3407, 0.152526
3407, 0.873357
3407, 0.559005
3408, 1.22552
3408, -0.0581984
3408, 1.64027
3409, -1.43194
3409, -0.282377
3409, 0.766681
3410, 0.603488
3410, 1.14181
3410, 0.153324
3411, 1.59503
3411, -1.22214
3411, 0.260895
3412, 0.841293
3412, 0.646494
3412, 1.11043
3413, 0.236887
3413, 1.55301
3413, -1.06479
3414, 0.608132
3414, 0.586739
3414, 1.11418
3415, 0.21063
3415, 1.56589
3415, -1.11282
3416, 0.507407
3416, 0.684694
3416, 0.959416
3417, 0.560928
3417, 1.24918
3417, -0.116183
3418, 1.63726
3418, -1.43946
3418, -0.304882
3419, 0.751208
3419, 0.620222
3419, 1.11669
3420, 0.215078
3420, 1.56475
3420, -1.10791
3421, 0.517958
3421, 0.675346
3421, 0.975295
3422, 0.527403
3422, 1.29043
3422, -0.230999
3423, 1.60977
3423, -1.38466
3423, -0.158347
3424, 0.835529
3424, 0.530388
3424, 1.24535
3425, -0.115774
3425, 1.6362
3425, -1.43588
3426, -0.294904
3426, 0.758266
3426, 0.612561
3427, 1.12825
3427, 0.186824
3427, 1.57957
3428, -1.163
3428, 0.397307
3428, 0.769248
3429, 0.80345
3429, 0.861243
3429, 0.775296
3430, 0.933289
3430, 0.637561
3430, 1.1495
3431, 0.145912
3431, 1.59956
3431, -1.23882
3432, 0.221194
3432, 0.855427
3432, 0.610602
3433, 1.15979
3433, 0.11406
3433, 1.61093
3434, -1.28487
3434, 0.108383
3434, 0.878792
3435, 0.53624
3435, 1.25208
3435, -0.130842
3436, 1.63451
3436, -1.43486
3436, -0.292475
3437, 0.76
3437, 0.610657
3437, 1.1311
3438, 0.179815
3438, 1.583
3438, -1.17593
3439, 0.368082
3439, 0.787736
3439, 0.765897
3440, 0.925723
3440, 0.648806
3440, 1.13277
3441, 0.187478
3441, 1.58068
3441, -1.16631
3442, 0.389917
3442, 0.774071
3442, 0.793789
3443, 0.87812
3443, 0.743043
3443, 0.987323
3444, 0.524105
3444, 1.29751
3444, -0.250303
3445, 1.6026
3445, -1.36742
3445, -0.113066
3446, 0.852989
3446, 0.51449
3446, 1.2672
3447, -0.175441
3447, 1.62538
3447, -1.41849
3448, -0.248502
3448, 0.788699
3448, 0.579403
3449, 1.1769
3449, 0.0647217
3449, 1.62488
3450, -1.34482
3450, -0.045088
3450, 0.87052
3451, 0.504669
3451, 1.28247
3451, -0.217316
3452, 1.61351
3452, -1.39262
3452, -0.179336
3453, 0.826053
3453, 0.539836
3453, 1.23239
3454, -0.0808414
3454, 1.63918
3454, -1.43517
3455, -0.291963
3455, 0.760206
3455, 0.610498
3456, 1.13135
3456, 0.179188
3456, 1.5833
3457, -1.17708
3457, 0.365481
3457, 0.789301
3458, 0.762649
3458, 0.931157
3458, 0.637742
3459, 1.14863
3459, 0.147966
3459, 1.5987
3460, -1.23544
3460, 0.2293
3460, 0.85279
3461, 0.617539
3461, 1.15048
3461, 0.137653
3462, 1.6022
3462, -1.24974
3462, 0.194817
3463, 0.863125
3463, 0.58946
3463, 1.18747
3464, 0.0427413
3464, 1.63042
3464, -1.36943
3465, -0.110222
3465, 0.853021
3465, 0.515288
3466, 1.26638
3466, -0.173143
3466, 1.62594
3467, -1.41961
3467, -0.251521
3467, 0.786853
3468, 0.581406
3468, 1.17402
3468, 0.0720903
3469, 1.62301
3469, -1.33653
3469, -0.0234217
3470, 0.874491
3470, 0.504239
3470, 1.28409
3471, -0.221617
3471, 1.61211
3471, -1.38939
3472, -0.170782
3472, 0.830015
3472, 0.53584
3473, 1.23788
3473, -0.0955954
3473, 1.63823
3474, -1.43646
3474, -0.295954
3474, 0.757472
3475, 0.613449
3475, 1.12692
3475, 0.190082
3476, 1.57795
3476, -1.15689
3476, 0.410995
3477, 0.760017
3477, 0.821673
3477, 0.828859
3478, 0.835495
3478, 0.826606
3478, 0.843372
3479, 0.812706
3479, 0.86852
3479, 0.765485
3480, 0.950589
3480, 0.602026
3480, 1.19874
3481, 0.0196255
3481, 1.63524
3481, -1.39211
3482, -0.17141
3482, 0.828985
3482, 0.537362
3483, 1.23594
3483, -0.090334
3483, 1.63862
3484, -1.43618
3484, -0.295025
3484, 0.758106
3485, 0.612767
3485, 1.12795
3485, 0.187563
3486, 1.5792
3486, -1.16162
3486, 0.400403
3487, 0.767192
3487, 0.807538
3487, 0.85404
3488, 0.788877
3488, 0.909884
3488, 0.684774
3489, 1.08005
3489, 0.314924
3489, 1.50084
3490, -0.882037
3490, 0.948263
3490, 0.112187
3491, 1.54789
3491, -1.08632
3491, 0.560284
3492, 0.636187
3492, 1.03935
3492, 0.386606
3493, 1.43834
3493, -0.676844
3493, 1.24938
3494, -0.488014
3494, 1.41266
3494, -0.866005
3495, 0.949833
3495, 0.114016
3495, 1.54795
3496, -1.08595
3496, 0.561107
3496, 0.635375
3497, 1.04063
3497, 0.3837
3497, 1.44096
3498, -0.685266
3498, 1.2387
3498, -0.463958
3499, 1.43235
3499, -0.914823
3499, 0.868804
3500, 0.246732
3500, 1.47576
3500, -0.827862
3501, 1.03337
3501, -0.0402213
3501, 1.58439
3502, -1.24637
3502, 0.197874
3502, 0.862934
3503, 0.590707
3503, 1.18595
3503, 0.0467442
3504, 1.6296
3504, -1.36557
3504, -0.0998988
3505, 0.85635
3505, 0.512696
3505, 1.27005
3506, -0.183213
3506, 1.62345
3506, -1.41455
3507, -0.237904
3507, 0.795038
3507, 0.572543
3508, 1.18671
3508, 0.0394931
3508, 1.63045
3509, -1.37053
3509, -0.113205
3509, 0.852027
3510, 0.516089
3510, 1.26526
3510, -0.170058
3511, 1.62666
3511, -1.42104
3511, -0.255343
3512, 0.784489
3512, 0.583974
3512, 1.17032
3513, 0.0815398
3513, 1.62045
3513, -1.32539
3514, 0.00547875
3514, 0.878353
3514, 0.506139
3515, 1.28333
3515, -0.219092
3515, 1.613
3516, -1.39149
3516, -0.17634
3516, 0.827458
3517, 0.538412
3517, 1.23435
3517, -0.086097
3518, 1.63889
3518, -1.4358
3518, -0.293846
3519, 0.758915
3519, 0.611894
3519, 1.12926
3520, 0.184339
3520, 1.5808
3520, -1.16762
3521, 0.386906
3521, 0.776018
3521, 0.789868
3522, 0.884914
3522, 0.729888
3522, 1.00874
3523, 0.477414
3523, 1.3507
3523, -0.405157
3524, 1.51706
3524, -1.14701
3524, 0.41549
3525, 0.759266
3525, 0.824163
3525, 0.824536
3526, 0.84339
3526, 0.812054
3526, 0.869585
3527, 0.763438
3527, 0.954038
3527, 0.594842
3528, 1.20837
3528, -0.0057155
3528, 1.63848
3529, -1.41033
3529, -0.221487
3529, 0.803845
3530, 0.563388
3530, 1.19975
3530, 0.00562233
3531, 1.63589
3531, -1.39846
3531, -0.188917
3532, 0.820773
3532, 0.545657
3532, 1.22449
3533, -0.0596805
3533, 1.63979
3533, -1.4308
3534, -0.279254
3534, 0.768777
3534, 0.601206
3535, 1.14518
3535, 0.144914
3535, 1.59856
3536, -1.23591
3536, 0.228105
3536, 0.853196
3537, 0.616487
3537, 1.1519
3537, 0.134068
3538, 1.6036
3538, -1.2553
3538, 0.181297
3539, 0.866541
3539, 0.579496
3539, 1.20015
3540, 0.00949646
3540, 1.63595
3540, -1.3975
3541, -0.186209
3541, 0.822077
3541, 0.544326
3542, 1.22633
3542, -0.0645931
3542, 1.63973
3543, -1.43208
3543, -0.282946
3543, 0.766316
3544, 0.603876
3544, 1.14123
3544, 0.154758
3545, 1.59442
3545, -1.21974
3545, 0.266552
3546, 0.839027
3546, 0.652
3546, 1.1026
3547, 0.255863
3547, 1.54132
3547, -1.02289
3548, 0.692081
3548, 0.490155
3548, 1.24337
3549, -0.122928
3549, 1.6339
3549, -1.43051
3550, -0.280185
3550, 0.768343
3550, 0.601593
3551, 1.14459
3551, 0.146393
3551, 1.59795
3552, -1.23351
3552, 0.23383
3552, 0.85127
3553, 0.621489
3553, 1.14513
3553, 0.151119
3554, 1.5967
3554, -1.22812
3554, 0.246723
3555, 0.846691
3555, 0.633132
3555, 1.12915
3556, 0.190957
3556, 1.57828
3556, -1.15768
3557, 0.409254
3557, 0.761206
3557, 0.819342
3558, 0.833041
3558, 0.827846
3558, 0.840583
3559, 0.817773
3559, 0.859422
3559, 0.782727
3560, 0.921165
3560, 0.662272
3560, 1.11375
3561, 0.234253
3561, 1.55525
3561, -1.07252
3562, 0.592269
3562, 0.603461
3562, 1.08952
3563, 0.269993
3563, 1.52996
3563, -0.983775
3564, 0.767174
3564, 0.392312
3564, 1.35224
3565, -0.434868
3565, 1.49256
3565, -1.0822
3566, 0.552604
3566, 0.645968
3566, 1.02451
3567, 0.420177
3567, 1.4068
3567, -0.577043
3568, 1.36506
3568, -0.760507
3568, 1.10715
3569, -0.177927
3569, 1.57649
3569, -1.26269
3570, 0.154569
3570, 0.873303
3570, 0.559713
3571, 1.22471
3571, -0.0560053
3571, 1.64028
3572, -1.43131
3572, -0.280566
3572, 0.76789
3573, 0.602175
3573, 1.14375
3573, 0.148485
3574, 1.59708
3574, -1.23011
3574, 0.241948
3575, 0.848428
3575, 0.628755
3575, 1.1352
3576, 0.175956
3576, 1.5856
3576, -1.18533
3577, 0.346662
3577, 0.800225
3577, 0.739638
3578, 0.969003
3578, 0.558924
3578, 1.2543
3579, -0.129603
3579, 1.63549
3579, -1.43772
3580, -0.300399
3580, 0.754443
3580, 0.616695
3581, 1.12202
3581, 0.20208
3581, 1.57177
3582, -1.13384
3582, 0.461949
3582, 0.722453
3583, 0.892647
3583, 0.695917
3583, 1.05949
3584, 0.36225
3584, 1.46262
3584, -0.754591
3585, 1.14538
3585, -0.262271
3585, 1.55083
3586, -1.20775
3586, 0.282594
3586, 0.833816
3587, 0.665529
3587, 1.08322
3587, 0.302301
3588, 1.50958
3588, -0.912139
3588, 0.896876
3589, 0.197972
3589, 1.50587
3589, -0.932252
3590, 0.858667
3590, 0.259016
3590, 1.46651
3591, -0.796949
3591, 1.08083
3591, -0.131269
3592, 1.58302
3592, -1.26932
3592, 0.139729
3593, 0.875679
3593, 0.551104
3593, 1.23499
3594, -0.083864
3594, 1.63946
3594, -1.437
3595, -0.297127
3595, 0.756616
3595, 0.614394
3596, 1.1255
3596, 0.193557
3596, 1.57619
3597, -1.1503
3597, 0.425671
3597, 0.749715
3598, 0.841628
3598, 0.792576
3598, 0.900312
3599, 0.703211
3599, 1.05159
3599, 0.381128
3600, 1.44622
3600, -0.701208
3600, 1.21817
3601, -0.418308
3601, 1.46647
3601, -1.00003
3602, 0.715885
3602, 0.463501
3602, 1.27593
3603, -0.212954
3603, 1.61343
3603, -1.39104
3604, -0.174974
3604, 0.828071
3604, 0.537806
3605, 1.23519
3605, -0.0883418
3605, 1.63875
3606, -1.43601
3606, -0.294496
3606, 0.75847
3607, 0.612375
3607, 1.12854
3607, 0.186116
3608, 1.57992
3608, -1.16432
3608, 0.394337
3609, 0.771203
3609, 0.799548
3609, 0.868085
3610, 0.762293
3610, 0.955334
3610, 0.592025
3611, 1.21211
3611, -0.0155958
3611, 1.63939
3612, -1.41627
3612, -0.238017
3612, 0.794466
3613, 0.573419
3613, 1.18553
3613, 0.0425448
3614, 1.62985
3614, -1.36764
3614, -0.105495
3615, 0.854578
3615, 0.514049
3615, 1.26813
3616, -0.177932
3616, 1.62478
3616, -1.41728
3617, -0.245261
3617, 0.790662
3617, 0.577276
3618, 1.17995
3618, 0.0568976
3618, 1.62675
3619, -1.35324
3619, -0.0672339
3619, 0.865508
3620, 0.506726
3620, 1.27888
3620, -0.207518
3621, 1.6166
3621, -1.39965
3621, -0.198047
3622, 0.816881
3622, 0.549291
3622, 1.21934
3623, -0.0460134
3623, 1.63969
3623, -1.42637
3624, -0.266638
3624, 0.776992
3624, 0.592292
3625, 1.15829
3625, 0.112058
3625, 1.61093
3626, -1.28548
3626, 0.106832
3626, 0.878944
3627, 0.535507
3627, 1.25292
3627, -0.133147
3628, 1.63415
3628, -1.43438
3628, -0.291201
3629, 0.760888
3629, 0.609689
3629, 1.13255
3630, 0.176247
3630, 1.5847
3630, -1.1824
3631, 0.353336
3631, 0.796433
3631, 0.747695
3632, 0.955881
3632, 0.5866
3632, 1.21867
3633, -0.0331656
3633, 1.6405
3633, -1.42519
3634, -0.263013
3634, 0.779267
3634, 0.589838
3635, 1.16187
3635, 0.103008
3635, 1.61395
3636, -1.29793
3636, 0.0755514
3636, 0.880912
3637, 0.52266
3637, 1.2671
3637, -0.172744
3638, 1.62629
3638, -1.42064
3638, -0.254333
3639, 0.785123
3639, 0.583282
3639, 1.17132
3640, 0.078998
3640, 1.62115
3640, -1.32844
3641, -0.00241598
3641, 0.877461
3641, 0.505337
3642, 1.28387
3642, -0.220728
3642, 1.61244
3643, -1.39018
3643, -0.172881
3643, 0.829057
3644, 0.5368
3644, 1.23656
3644, -0.0920462
3645, 1.6385
3645, -1.43628
3645, -0.295362
3646, 0.757876
3646, 0.613015
3646, 1.12758
3647, 0.188478
3647, 1.57875
3647, -1.1599
3648, 0.404246
3648, 0.764614
3648, 0.81264
3649, 0.845
3649, 0.805766
3649, 0.880241
3650, 0.742906
3650, 0.988162
3650, 0.522407
3651, 1.29954
3651, -0.256081
3651, 1.60028
3652, -1.36173
3652, -0.0982352
3652, 0.85783
3653, 0.510658
3653, 1.27258
3653, -0.190256
3654, 1.62158
3654, -1.41059
3654, -0.227278
3655, 0.801169
3655, 0.565945
3655, 1.19606
3656, 0.0152304
3656, 1.63459
3656, -1.3913
3657, -0.169339
3657, 0.829934
3657, 0.536407
3658, 1.23725
3658, -0.093859
3658, 1.63836
3659, -1.4364
3659, -0.295726
3659, 0.757627
3660, 0.613283
3660, 1.12717
3660, 0.189469
3661, 1.57825
3661, -1.15804
3661, 0.408414
3662, 0.761785
3662, 0.818207
3662, 0.835073
3663, 0.824116
3663, 0.847355
3663, 0.805224
3664, 0.881821
3664, 0.739959
3664, 0.993007
3665, 0.511925
3665, 1.31183
3665, -0.291333
3666, 1.58468
3666, -1.3226
3666, 0.00214119
3667, 0.879216
3667, 0.503621
3667, 1.28613
3668, -0.227047
3668, 1.61029
3668, -1.38514
3669, -0.159539
3669, 0.835004
3669, 0.530907
3670, 1.24464
3670, -0.113854
3670, 1.63643
3671, -1.43606
3671, -0.295328
3671, 0.757965
3672, 0.612891
3672, 1.12775
3672, 0.188039
3673, 1.57897
3673, -1.16073
3673, 0.402403
3674, 0.765854
3674, 0.810189
3674, 0.84935
3675, 0.797662
3675, 0.89454
3675, 0.715097
3676, 1.033
3676, 0.423443
3676, 1.4066
3677, -0.575478
3677, 1.3668
3677, -0.764795
3678, 1.10113
3678, -0.165925
3678, 1.57881
3679, -1.26641
3679, 0.145844
3679, 0.874806
3680, 0.554468
3680, 1.23101
3680, -0.0730393
3681, 1.63997
3681, -1.43541
3681, -0.292398
3682, 0.759882
3682, 0.61086
3682, 1.13081
3683, 0.180517
3683, 1.58266
3683, -1.17465
3684, 0.370992
3684, 0.785969
3684, 0.76955
3685, 0.919584
3685, 0.661231
3685, 1.11465
3686, 0.231928
3686, 1.5566
3686, -1.07744
3687, 0.582108
3687, 0.613919
3687, 1.07374
3688, 0.307266
3688, 1.50371
3688, -0.89296
3689, 0.929735
3689, 0.143706
3689, 1.53427
3690, -1.03487
3690, 0.665325
3690, 0.522882
3691, 1.20219
3691, -0.0124022
3691, 1.6365
3692, -1.40587
3692, -0.209507
3692, 0.810347
3693, 0.556486
3693, 1.20943
3693, -0.01977
3694, 1.63844
3694, -1.41441
3694, -0.23302
3695, 0.797379
3695, 0.570281
3695, 1.18999
3696, 0.0309988
3696, 1.63204
3696, -1.37825
3697, -0.133951
3697, 0.844583
3697, 0.522494
3698, 1.25638
3698, -0.145731
3698, 1.63168
3699, -1.43008
3699, -0.279634
3699, 0.76878
3700, 0.601087
3700, 1.14533
3700, 0.14455
3701, 1.5987
3701, -1.23649
3701, 0.226708
3702, 0.853657
3702, 0.615282
3702, 1.15352
3703, 0.129965
3703, 1.60517
3703, -1.26157
3704, 0.16599
3704, 0.869976
3704, 0.568938
3705, 1.2133
3705, -0.0254207
3705, 1.63934
3706, -1.41908
3706, -0.245974
3706, 0.789774
3707, 0.578465
3707, 1.17831
3707, 0.061125
3708, 1.62576
3708, -1.34875
3708, -0.0553928
3709, 0.868307
3709, 0.505424
3709, 1.28104
3710, -0.213432
3710, 1.61476
3710, -1.39547
3711, -0.18692
3711, 0.822419
3711, 0.543552
3712, 1.22728
3712, -0.0671442
3712, 1.63967
3713, -1.43268
3713, -0.284661
3713, 0.765165
3714, 0.605124
3714, 1.13937
3714, 0.159363
3715, 1.59242
3715, -1.21198
3715, 0.28483
3716, 0.831278
3716, 0.670426
3716, 1.07591
3717, 0.319542
3717, 1.49667
3717, -0.868148
3718, 0.971319
3718, 0.072095
3718, 1.5622
3719, -1.14283
3719, 0.43859
3719, 0.740789
3720, 0.858809
3720, 0.760684
3720, 0.955002
3721, 0.592177
3721, 1.21183
3721, -0.0148721
3722, 1.63933
3722, -1.41585
3722, -0.236846
3723, 0.795148
3723, 0.572687
3723, 1.18657
3724, 0.0398471
3724, 1.63038
3724, -1.3702
3725, -0.112332
3725, 0.852322
3725, 0.515848
3726, 1.2656
3726, -0.170982
3726, 1.62644
3727, -1.42062
3727, -0.254216
3727, 0.785189
3728, 0.583213
3728, 1.17142
3728, 0.0787398
3729, 1.62123
3729, -1.32875
3729, -0.00321311
3730, 0.877364
3730, 0.505268
3730, 1.28391
3731, -0.220853
3731, 1.6124
3731, -1.39008
3732, -0.172611
3732, 0.82918
3732, 0.536676
3733, 1.23673
3733, -0.0925044
3733, 1.63846
3734, -1.43631
3734, -0.295451
3734, 0.757815
3735, 0.613081
3735, 1.12748
3735, 0.188721
3736, 1.57863
3736, -1.15945
3736, 0.40527
3737, 0.763922
3737, 0.814004
3737, 0.842574
3738, 0.81027
3738, 0.872234
3738, 0.758289
3739, 0.962669
3739, 0.576755
3739, 1.23215
3740, -0.0691768
3740, 1.64086
3740, -1.43718
3741, -0.29722
3741, 0.756507
3741, 0.614531
3742, 1.1253
3742, 0.19405
3742, 1.57594
3743, -1.14936
3743, 0.427754
3743, 0.748218
3744, 0.844495
3744, 0.787293
3744, 0.909518
3745, 0.684964
3745, 1.07968
3745, 0.315781
3746, 1.50019
3746, -0.879823
3746, 0.951967
3747, 0.105813
3747, 1.55039
3747, -1.09598
3748, 0.539953
3748, 0.655657
3748, 1.0081
3749, 0.456433
3749, 1.3701
3749, -0.464242
3750, 1.47151
3750, -1.02861
3750, 0.65941
3751, 0.532595
3751, 1.19017
3751, 0.019284
3752, 1.63268
3752, -1.38385
3752, -0.149242
3753, 0.838571
3753, 0.528026
3753, 1.24876
3754, -0.124995
3754, 1.635
3754, -1.43474
3755, -0.291972
3755, 0.760331
3755, 0.610305
3756, 1.13163
3756, 0.178511
3756, 1.58362
3757, -1.17831
3757, 0.362684
3757, 0.790969
3758, 0.759173
3758, 0.936947
3758, 0.625883
3759, 1.16535
3759, 0.105714
3759, 1.61443
3760, -1.29867
3760, 0.0737774
3760, 0.880955
3761, 0.522052
3761, 1.26775
3761, -0.174571
3762, 1.62585
3762, -1.41976
3762, -0.251958
3763, 0.78659
3763, 0.581689
3763, 1.17361
3764, 0.073135
3764, 1.62274
3764, -1.33533
3765, -0.0202873
3765, 0.874989
3765, 0.504308
3766, 1.28417
3766, -0.221802
3766, 1.61206
3767, -1.38926
3767, -0.170433
3767, 0.830174
3768, 0.535682
3768, 1.2381
3768, -0.0961806
3769, 1.63818
3769, -1.43648
3769, -0.29603
3770, 0.757421
3770, 0.613504
3770, 1.12684
3771, 0.190284
3771, 1.57784
3771, -1.15651
3772, 0.411846
3772, 0.759431
3772, 0.822819
3773, 0.826799
3773, 0.83925
3773, 0.8197
3774, 0.855867
3774, 0.789401
3774, 0.909607
3775, 0.685436
3775, 1.07906
3775, 0.317261
3776, 1.49906
3776, -0.876011
3776, 0.958323
3777, 0.0948138
3777, 1.55451
3777, -1.11205
3778, 0.5057
3778, 0.686653
3778, 0.956218
3779, 0.567643
3779, 1.24065
3779, -0.0929119
3780, 1.63956
3780, -1.44004
3780, -0.305833
3781, 0.750455
3781, 0.621067
3781, 1.11541
3782, 0.218174
3782, 1.56302
3782, -1.10159
3783, 0.531405
3783, 0.663132
3783, 0.995678
3784, 0.483565
3784, 1.34087
3784, -0.376857
3785, 1.53624
3785, -1.19709
3785, 0.303854
3786, 0.824547
3786, 0.687279
3786, 1.05101
3787, 0.377558
3787, 1.44875
3787, -0.70962
3788, 1.20707
3788, -0.393894
3788, 1.48297
3789, -1.04136
3789, 0.63646
3789, 0.558511
3790, 1.155
3790, 0.109519
3790, 1.61051
3791, -1.28488
3791, 0.108246
3791, 0.87882
3792, 0.536149
3792, 1.25219
3792, -0.131135
3793, 1.63446
3793, -1.4348
3793, -0.292319
3794, 0.760109
3794, 0.610538
3794, 1.13128
3795, 0.179377
3795, 1.58321
3795, -1.17673
3796, 0.366267
3796, 0.788829
3796, 0.763628
3797, 0.929521
3797, 0.64108
3797, 1.14387
3798, 0.15988
3798, 1.5936
3798, -1.2156
3799, 0.276403
3799, 0.834922
3799, 0.661826
3800, 1.08846
3800, 0.289795
3800, 1.51856
3801, -0.943081
3801, 0.842167
3801, 0.283831
3802, 1.44809
3802, -0.735814
3802, 1.169
3803, -0.311315
3803, 1.52978
3803, -1.15763
3804, 0.394819
3804, 0.772828
3804, 0.797182
3805, 0.872349
3805, 0.754163
3805, 0.968943
3806, 0.563398
3806, 1.24927
3806, -0.115644
3807, 1.63741
3807, -1.43979
3807, -0.305778
3808, 0.750562
3808, 0.620923
3808, 1.11562
3809, 0.217661
3809, 1.56331
3809, -1.10264
3810, 0.529175
3810, 0.665182
3810, 0.992286
3811, 0.490923
3811, 1.33268
3811, -0.352759
3812, 1.55137
3812, -1.23656
3812, 0.212324
3813, 0.85995
3813, 0.600183
3813, 1.17376
3814, 0.0783309
3814, 1.62199
3814, -1.33136
3815, -0.00993332
3815, 0.876492
3815, 0.504782
3816, 1.28414
3816, -0.221588
3816, 1.61214
3817, -1.38948
3817, -0.171003
3817, 0.829915
3818, 0.53594
3818, 1.23774
3818, -0.0952253
3819, 1.63825
3819, -1.43645
3819, -0.295904
3820, 0.757507
3820, 0.613412
3820, 1.12698
3821, 0.189945
3821, 1.57801
3821, -1.15715
3822, 0.410418
3822, 0.760413
3822, 0.820897
3823, 0.830252
3823, 0.832951
3823, 0.831268
3824, 0.834879
3824, 0.828357
3824, 0.840288
3825, 0.818422
3825, 0.858271
3825, 0.784897
3826, 0.917418
3826, 0.669814
3826, 1.10257
3827, 0.261275
3827, 1.53851
3827, -1.01262
3828, 0.712145
3828, 0.465062
3828, 1.27336
3829, -0.205928
3829, 1.6156
3829, -1.39595
3830, -0.187989
3830, 0.821876
3830, 0.544123
3831, 1.22649
3831, -0.0650476
3831, 1.63972
3832, -1.43218
3832, -0.283239
3832, 0.76612
3833, 0.604088
3833, 1.14091
3833, 0.155542
3834, 1.59408
3834, -1.21843
3834, 0.269651
3835, 0.837759
3835, 0.655055
3835, 1.09823
3836, 0.266405
3836, 1.5345
3836, -0.998763
3837, 0.738823
3837, 0.430512
3837, 1.31231
3838, -0.316994
3838, 1.56921
3838, -1.28151
3839, 0.1045
3839, 0.880627
3839, 0.531845
3840, 1.25733
3840, -0.145322
3840, 1.63208
3841, -1.43128
3841, -0.282944
3841, 0.766558
3842, 0.603506
3842, 1.14175
3842, 0.153463
3843, 1.59497
3843, -1.2219
3843, 0.261447
3844, 0.841075
3844, 0.647027
3844, 1.10968
3845, 0.238723
3845, 1.55191
3845, -1.06082
3846, 0.616229
3846, 0.578014
3846, 1.12677
3847, 0.179798
3847, 1.5817
3847, -1.17185
3848, 0.377289
3848, 0.782099
3848, 0.777507
3849, 0.906113
3849, 0.688212
3849, 1.0742
3850, 0.328563
3850, 1.49031
3850, -0.846442
3851, 1.00663
3851, 0.00876756
3851, 1.57791
3852, -1.21117
3852, 0.28243
3852, 0.832881
3853, 0.667038
3853, 1.08092
3853, 0.307713
3854, 1.50559
3854, -0.898487
3854, 0.920398
3855, 0.159321
3855, 1.52674
3855, -1.00713
3856, 0.719714
3856, 0.455873
3856, 1.28409
3857, -0.236134
3857, 1.60547
3857, -1.37237
3858, -0.125759
3858, 0.848474
3858, 0.518365
3859, 1.26184
3859, -0.160731
3859, 1.62872
3860, -1.42494
3860, -0.265839
3860, 0.777847
3861, 0.591202
3861, 1.15983
3861, 0.108144
3862, 1.61226
3862, -1.29092
3862, 0.0931909
3863, 0.880038
3863, 0.52949
3863, 1.25965
3864, -0.151875
3864, 1.63083
3864, -1.42917
3865, -0.27727
3865, 0.770371
3865, 0.599347
3866, 1.14789
3866, 0.138142
3866, 1.60128
3867, -1.24667
3867, 0.202197
3867, 0.861115
3868, 0.59514
3868, 1.18014
3868, 0.0618049
3869, 1.62622
3869, -1.35006
3869, -0.0587946
3870, 0.867525
3870, 0.505762
3870, 1.28046
3871, -0.211857
3871, 1.61526
3871, -1.39661
3872, -0.189937
3872, 0.820942
3872, 0.545074
3873, 1.22518
3873, -0.0615372
3873, 1.63977
3874, -1.43129
3874, -0.280675
3874, 0.767833
3875, 0.60223
3875, 1.14367
3875, 0.14869
3876, 1.59699
3876, -1.22978
3876, 0.242747
3877, 0.848141
3877, 0.629481
3877, 1.1342
3878, 0.178444
3878, 1.58442
3878, -1.18084
3879, 0.356936
3879, 0.794344
3879, 0.752098
3880, 0.948652
3880, 0.601689
3880, 1.19857
3881, 0.019948
3881, 1.63517
3881, -1.3918
3882, -0.170561
3882, 0.829368
3882, 0.53698
3883, 1.23646
3883, -0.0917467
3883, 1.63852
3884, -1.43628
3884, -0.295334
3884, 0.757895
3885, 0.612995
3885, 1.12761
3885, 0.188404
3886, 1.57879
3886, -1.16004
3886, 0.403937
3887, 0.764822
3887, 0.812228
3887, 0.845733
3888, 0.804404
3888, 0.882655
3888, 0.738242
3889, 0.995795
3889, 0.505865
3889, 1.31884
3890, -0.311576
3890, 1.57457
3890, -1.29675
3891, 0.0668126
3891, 0.882511
3891, 0.517218
3892, 1.27324
3892, -0.189973
3892, 1.62188
3893, -1.41149
3893, -0.229749
3893, 0.799768
3894, 0.567447
3894, 1.19393
3894, 0.0207561
3895, 1.63375
3895, -1.38691
3895, -0.157395
3896, 0.835154
3896, 0.5313
3896, 1.24427
3897, -0.11281
3897, 1.63655
3897, -1.43615
3898, -0.295566
3898, 0.757795
3898, 0.613077
3899, 1.12748
3899, 0.188721
3899, 1.57863
3900, -1.15945
3900, 0.405272
3900, 0.763921
3901, 0.814007
3901, 0.842569
3901, 0.810279
3902, 0.872219
3902, 0.758317
3902, 0.962621
3903, 0.576856
3903, 1.23202
3903, -0.0688251
3904, 1.64087
3904, -1.4371
3904, -0.297002
3905, 0.756659
3905, 0.614367
3905, 1.12555
3906, 0.193444
3906, 1.57624
3906, -1.15051
3907, 0.42519
3907, 0.750059
3907, 0.840968
3908, 0.79379
3908, 0.898187
3908, 0.707397
3909, 1.04505
3909, 0.396099
3909, 1.43262
3910, -0.657567
3910, 1.27339
3910, -0.542794
3911, 1.36339
3911, -0.745675
3911, 1.12899
3912, -0.222312
3912, 1.56527
3912, -1.24077
3913, 0.206063
3913, 0.861306
3913, 0.595971
3914, 1.17921
3914, 0.0642537
3914, 1.62563
3915, -1.34741
3915, -0.0518284
3915, 0.86909
3916, 0.505134
3916, 1.28157
3916, -0.214874
3917, 1.6143
3917, -1.39442
3917, -0.184129
3918, 0.823769
3918, 0.542166
3918, 1.22919
3919, -0.0722516
3919, 1.63954
3919, -1.43375
3920, -0.287788
3920, 0.763052
3920, 0.607415
3921, 1.13596
3921, 0.167814
3921, 1.58863
3922, -1.19739
3922, 0.31884
3922, 0.815124
3923, 0.707225
3923, 1.02037
3923, 0.447014
3924, 1.38229
3924, -0.50062
3924, 1.44007
3925, -0.947977
3925, 0.809359
3925, 0.336545
3926, 1.40555
3926, -0.598593
3926, 1.33935
3927, -0.697435
3927, 1.19139
3927, -0.352638
3928, 1.50906
3928, -1.10706
3928, 0.503131
3929, 0.69074
3929, 0.949817
3929, 0.581069
3930, 1.2233
3930, -0.0461513
3930, 1.64086
3931, -1.43027
3931, -0.277416
3931, 0.769959
3932, 0.599938
3932, 1.14706
3932, 0.140231
3933, 1.60045
3933, -1.24338
3933, 0.210134
3934, 0.858829
3934, 0.601454
3934, 1.1719
3935, 0.0830816
3935, 1.62067
3935, -1.32564
3936, 0.00487747
3936, 0.878284
3936, 0.50608
3937, 1.28337
3937, -0.219209
3937, 1.61296
3938, -1.3914
3938, -0.176094
3938, 0.827572
3939, 0.538296
3939, 1.23451
3939, -0.0865236
3940, 1.63887
3940, -1.43584
3940, -0.293977
3941, 0.758826
3941, 0.611991
3941, 1.12912
3942, 0.184696
3942, 1.58062
3942, -1.16696
3943, 0.388397
3943, 0.77506
3943, 0.791801
3944, 0.88157
3944, 0.736375
3944, 0.998223
3945, 0.500464
3945, 1.325
3945, -0.329492
3946, 1.56494
3946, -1.27187
3946, 0.127825
3947, 0.8781
3947, 0.543289
3947, 1.24427
3948, -0.109215
3948, 1.63735
3948, -1.43769
3949, -0.299739
3949, 0.754851
3949, 0.616279
3950, 1.12266
3950, 0.200529
3950, 1.57258
3951, -1.13686
3951, 0.455314
3951, 0.72763
3952, 0.883149
3952, 0.714336
3952, 1.03067
3953, 0.428023
3953, 1.402
3953, -0.561189
3954, 1.38167
3954, -0.801357
3954, 1.04833
3955, -0.0633947
3955, 1.58648
3955, -1.25993
3956, 0.164511
3956, 0.870956
3956, 0.566789
3957, 1.21604
3957, -0.0327108
3957, 1.63974
3958, -1.42256
3958, -0.255768
3958, 0.783813
3959, 0.584906
3959, 1.16903
3959, 0.0848438
3960, 1.61951
3960, -1.32136
3960, 0.0158609
3961, 0.87934
3961, 0.507519
3961, 1.28223
3962, -0.21585
3962, 1.61408
3962, -1.394
3963, -0.183009
3963, 0.824308
3963, 0.541614
3964, 1.22995
3964, -0.0742857
3964, 1.63947
3965, -1.43413
3965, -0.2889
3965, 0.762297
3966, 0.608234
3966, 1.13474
3966, 0.170833
3967, 1.58724
3967, -1.19208
3967, 0.331127
3968, 0.808732
3968, 0.72129
3968, 0.99836
3969, 0.495663
3969, 1.32983
3969, -0.343738
3970, 1.55679
3970, -1.25072
3970, 0.178731
3971, 0.868839
3971, 0.574739
3971, 1.20633
3972, -0.0068032
3972, 1.63785
3972, -1.4086
3973, -0.216797
3973, 0.806419
3973, 0.560649
3974, 1.2036
3974, -0.00445452
3974, 1.63706
3975, -1.4053
3975, -0.207752
3975, 0.811249
3976, 0.55555
3976, 1.21074
3976, -0.023224
3977, 1.63868
3977, -1.41625
3977, -0.238151
3978, 0.79441
3978, 0.573467
3978, 1.18546
3979, 0.0427294
3979, 1.62981
3979, -1.36747
3980, -0.105023
3980, 0.85473
3980, 0.51393
3981, 1.2683
3981, -0.178394
3981, 1.62466
3982, -1.41705
3982, -0.244636
3982, 0.791038
3983, 0.576869
3983, 1.18053
3983, 0.0554008
3984, 1.62709
3984, -1.3548
3984, -0.0713679
3985, 0.864465
3985, 0.507289
3985, 1.278
3986, -0.20509
3986, 1.61734
3986, -1.40131
3987, -0.20246
3987, 0.814618
3987, 0.55166
3988, 1.21606
3988, -0.0372961
3988, 1.63943
3989, -1.42291
3989, -0.256835
3989, 0.783164
3990, 0.585604
3990, 1.16802
3990, 0.0874175
3991, 1.61876
3991, -1.31817
3991, 0.0240586
3992, 0.87997
3992, 0.50887
3992, 1.28104
3993, -0.21241
3993, 1.61519
3993, -1.39658
3994, -0.189871
3994, 0.820976
3994, 0.545038
3995, 1.22523
3995, -0.0616693
3995, 1.63976
3996, -1.43133
3996, -0.280775
3996, 0.767766
3997, 0.602302
3997, 1.14356
3997, 0.148958
3998, 1.59688
3998, -1.22934
3998, 0.24379
3999, 0.847765
3999, 0.630432
3999, 1.13289
