0.0333333 0.101195 -0.0900927 0.0182621
0.0666667 -0.0530226 -0.0913295 0.0527347
0.1 0.0319283 -0.0408824 0.0232036
0.133333 -0.246703 -0.139852 0.0535704
0.166667 0.0595841 0.0372131 0.1137
0.2 0.0469613 -0.178411 0.106262
0.233333 0.0890599 -0.123982 0.123347
0.266667 0.0361969 -0.121434 0.0876665
0.3 0.0964911 -0.137967 0.12932
0.333333 0.158541 -0.161239 0.130356
0.366667 -0.0737996 0.135546 0.166132
0.4 0.107653 -0.12866 0.111479
0.433333 -0.134946 -0.053512 0.169742
0.466667 0.0983612 0.0606097 0.185338
0.5 -0.0955423 -0.0241736 0.185206
0.533333 -0.0555277 -0.000607499 0.221855
0.566667 0.144482 -0.129145 0.211257
0.6 0.101877 9.32202e-05 0.238883
0.633333 0.110094 -0.0333563 0.117949
0.666667 -0.0905988 0.140419 0.221774
0.7 0.0278269 -0.0395086 0.253584
0.733333 0.0130508 0.07934 0.245431
0.766667 -0.00791319 0.0928032 0.241113
0.8 -0.0396505 0.142637 0.198492
0.833333 0.0821772 -0.0357269 0.231975
0.866667 0.229467 -0.0655307 0.261025
0.9 0.0608058 0.00853638 0.30575
0.933333 0.286932 0.050484 0.339408
0.966667 -0.00404887 0.00588605 0.338217
1 0.0395134 0.0988799 0.340836
1.03333 0.112457 -0.02567 0.396759
1.06667 -0.00445488 0.0398147 0.376437
1.1 0.178 -0.0453167 0.461242
1.13333 0.171841 0.0250558 0.448995
1.16667 0.0732303 0.0284009 0.385297
1.2 0.180065 0.0503208 0.385962
1.23333 0.121677 0.0966128 0.4749
1.26667 0.215227 0.05539 0.508897
1.3 0.140576 0.00600822 0.391104
1.33333 0.0143436 0.0351997 0.483036
1.36667 0.213809 0.20061 0.435483
1.4 0.0731011 0.0188653 0.504949
1.43333 0.103861 0.0185254 0.492528
1.46667 0.20021 -0.0122815 0.515486
1.5 0.0573865 -0.0771679 0.495902
1.53333 0.207882 -0.0263483 0.479572
1.56667 0.0364669 -0.0176533 0.514193
1.6 0.150197 0.161273 0.582546
1.63333 0.0279525 -0.0694811 0.592773
1.66667 0.131161 0.188923 0.544161
1.7 0.159627 0.00538388 0.616934
1.73333 0.227766 0.243753 0.621005
1.76667 0.307602 0.22258 0.657413
1.8 0.125356 0.079697 0.628145
1.83333 0.0979429 0.0548557 0.590453
1.86667 0.12805 0.162171 0.686636
1.9 0.378228 0.0467253 0.653558
1.93333 0.0791086 0.171869 0.625723
1.96667 0.222889 0.214572 0.708361
2 0.187841 0.0310798 0.709487
2.03333 0.166498 0.257988 0.760364
2.06667 0.253087 0.044499 0.766483
2.1 0.3225 0.116674 0.810263
2.13333 0.18108 -0.126602 0.722422
2.16667 0.203616 0.00372589 0.733475
2.2 0.134941 0.0245407 0.743503
2.23333 0.202247 0.160184 0.745237
2.26667 0.126847 -0.0350173 0.744847
2.3 0.264784 -0.0693119 0.726289
2.33333 0.114435 0.0358911 0.843579
2.36667 0.131567 0.0633922 0.861238
2.4 0.157073 0.132819 0.884993
2.43333 0.27446 0.126653 0.855173
2.46667 0.249194 0.139248 0.901166
2.5 0.221128 0.0935052 0.890888
2.53333 0.215447 0.148941 0.907637
2.56667 0.132674 0.194162 0.955297
2.6 0.288091 0.163256 0.93818
2.63333 0.205411 0.0368328 0.893526
2.66667 0.239481 0.0447352 0.87468
2.7 0.333865 0.0632174 0.925138
2.73333 0.204913 0.185796 0.97064
2.76667 0.0119915 0.00810147 1.00617
2.8 0.251051 0.322967 1.02451
2.83333 0.247481 0.0206098 1.00685
2.86667 0.343883 -0.117971 0.974758
2.9 0.206357 0.294246 1.0262
2.93333 0.310675 -0.021274 0.981311
2.96667 0.467927 0.218936 1.05635
3 0.28296 0.0201154 1.02702
3.03333 0.164389 0.0921558 1.09339
3.06667 0.296585 0.147966 1.08022
3.1 0.0797028 0.164945 1.12343
3.13333 -0.000922743 0.199685 1.06556
3.16667 0.227705 -0.025098 1.06452
3.2 0.207487 0.168297 1.07748
3.23333 0.307554 0.249964 1.06599
3.26667 0.142592 0.198305 1.11956
3.3 0.295131 0.187255 1.1582
3.33333 0.142134 0.13523 1.1772
3.36667 0.237765 0.319219 1.19369
3.4 0.371425 0.298197 1.19189
3.43333 0.15095 0.228868 1.19672
3.46667 0.16885 0.0764205 1.27196
3.5 0.303025 0.228705 1.15714
3.53333 0.30872 0.119796 1.22957
3.56667 0.146518 0.171157 1.20704
3.6 0.254026 0.0962626 1.22202
3.63333 -0.0220078 0.315609 1.31362
3.66667 0.241919 0.228137 1.29764
3.7 0.322912 0.272697 1.26323
3.73333 0.211463 0.369205 1.31794
3.76667 0.419119 0.087077 1.29929
3.8 0.244986 0.232854 1.23294
3.83333 0.246409 0.460156 1.33734
3.86667 0.0643654 0.356743 1.36056
3.9 0.230981 0.438374 1.29783
3.93333 0.447994 0.104853 1.37112
3.96667 0.398786 0.108979 1.43383
4 0.472536 0.0433282 1.37548
4.03333 0.301091 0.0500709 1.42252
4.06667 0.346611 0.242655 1.39813
4.1 0.180822 0.213163 1.43538
4.13333 0.332834 0.138515 1.44926
4.16667 0.24614 0.286152 1.48004
4.2 0.410656 0.318737 1.49234
4.23333 0.180781 0.133719 1.50317
4.26667 0.0903022 0.323294 1.50909
4.3 0.338987 0.376687 1.54321
4.33333 0.322506 0.251012 1.60048
4.36667 0.308125 0.109506 1.56437
4.4 0.0496589 0.410882 1.50476
4.43333 0.286227 0.381753 1.5625
4.46667 0.259099 0.101662 1.56631
4.5 0.330104 0.141726 1.5406
4.53333 0.22271 0.21313 1.58368
4.56667 0.291565 0.177556 1.58995
4.6 0.334879 0.245837 1.63383
4.63333 0.453466 0.253755 1.62948
4.66667 0.140497 0.356289 1.7049
4.7 0.088726 0.449127 1.62807
4.73333 0.294305 0.216674 1.67511
4.76667 0.426126 0.270709 1.68422
4.8 0.268196 0.213768 1.68114
4.83333 -0.0585981 0.273151 1.67448
4.86667 0.343138 0.415264 1.62584
4.9 0.247344 0.248974 1.7457
4.93333 0.179424 0.280172 1.75495
4.96667 0.112876 0.484735 1.73165
5 0.160683 0.444433 1.80656
5.03333 0.315323 0.324013 1.7285
5.06667 0.306051 0.191838 1.75127
5.1 0.189494 0.316377 1.77587
5.13333 0.177714 0.40706 1.75362
5.16667 0.168135 0.203822 1.80413
5.2 0.261221 0.165071 1.81163
5.23333 0.0995221 0.520751 1.8267
5.26667 0.260075 0.325294 1.90336
5.3 0.204436 0.523286 1.83137
5.33333 0.353703 0.355867 2.01965
5.36667 0.520184 0.367369 1.92094
5.4 0.167396 0.449061 1.8542
5.43333 0.24166 0.32981 1.97998
5.46667 0.316166 0.442029 1.88881
5.5 0.296117 0.456945 1.91782
5.53333 0.291018 0.372655 1.88068
5.56667 0.159897 0.23243 2.01046
5.6 0.027201 0.374198 1.9114
5.63333 0.270028 0.568646 1.91997
5.66667 0.243522 0.304336 1.9676
5.7 0.272314 0.420589 1.95414
5.73333 0.309187 0.53219 2.04669
5.76667 0.329285 0.47311 2.01759
5.8 0.308779 0.462416 1.98931
5.83333 0.259708 0.351915 2.11018
5.86667 0.455893 0.362823 2.08194
5.9 0.186675 0.253972 1.99713
5.93333 0.171056 0.480364 2.02612
5.96667 0.21508 0.379543 2.0953
6 0.115507 0.492819 2.02767
6.03333 0.185453 0.362704 2.13163
6.06667 0.305949 0.581377 2.09065
6.1 0.193742 0.323695 2.12732
6.13333 0.150774 0.484389 2.1301
6.16667 0.230272 0.410108 2.15517
6.2 0.258374 0.476709 2.11658
6.23333 0.0330829 0.53142 2.23663
6.26667 0.177896 0.215713 2.23017
6.3 0.231724 0.591797 2.16575
6.33333 0.184396 0.520339 2.1873
6.36667 0.247972 0.58511 2.24487
6.4 0.167367 0.566977 2.24735
6.43333 0.152817 0.492589 2.20489
6.46667 0.154837 0.529966 2.21033
6.5 0.176581 0.514885 2.2469
6.53333 0.349595 0.486266 2.25699
6.56667 0.323143 0.498855 2.31681
6.6 0.310068 0.505278 2.34419
6.63333 0.195752 0.405054 2.32757
6.66667 0.130262 0.499522 2.40907
6.7 0.26582 0.577903 2.39566
6.73333 0.376952 0.595899 2.32305
6.76667 -0.0965956 0.356749 2.37626
6.8 0.168208 0.395126 2.41793
6.83333 0.0759395 0.541106 2.37743
6.86667 0.145861 0.421014 2.33786
6.9 0.0726351 0.337614 2.39397
6.93333 0.300321 0.604995 2.39384
6.96667 0.387149 0.260174 2.46238
7 0.0838502 0.474199 2.49813
7.03333 0.255188 0.544169 2.4819
7.06667 0.130586 0.547025 2.52309
7.1 0.201655 0.503926 2.51937
7.13333 0.0903884 0.403737 2.53138
7.16667 0.155065 0.496391 2.49675
7.2 0.276924 0.433111 2.54413
7.23333 0.0687144 0.39645 2.51868
7.26667 0.0768787 0.50468 2.52375
7.3 0.116602 0.615127 2.51625
7.33333 0.161008 0.358679 2.58899
7.36667 0.0281096 0.632933 2.51566
7.4 0.234969 0.49484 2.61865
7.43333 0.179383 0.523281 2.59639
7.46667 0.225461 0.531522 2.58755
7.5 0.169571 0.758344 2.68547
7.53333 0.066405 0.540008 2.62305
7.56667 -0.00937409 0.68978 2.62913
7.6 0.134361 0.537345 2.61131
7.63333 0.159411 0.538603 2.6576
7.66667 0.0973502 0.525784 2.66207
7.7 0.252809 0.404208 2.78565
7.73333 0.126032 0.435975 2.69796
7.76667 0.188003 0.558139 2.6783
7.8 0.0253939 0.564588 2.81547
7.83333 0.144412 0.39287 2.70759
7.86667 -0.159903 0.605669 2.8017
7.9 -0.101848 0.508294 2.73864
7.93333 -0.0799163 0.609307 2.76828
7.96667 0.0169433 0.570344 2.73305
8 0.0172672 0.471327 2.77253
8.03333 0.146866 0.431316 2.83451
8.06667 0.246587 0.623725 2.86536
8.1 0.0715355 0.487463 2.71708
8.13333 0.204849 0.4267 2.87741
8.16667 0.162589 0.679809 2.86451
8.2 0.036433 0.408564 2.97144
8.23333 0.0683058 0.464279 2.92573
8.26667 -0.20561 0.579083 2.88201
8.3 -0.175256 0.453452 2.9442
8.33333 0.105927 0.454658 2.94236
8.36667 0.173701 0.68864 2.90511
8.4 0.290779 0.61622 2.92261
8.43333 0.15003 0.408104 2.97149
8.46667 0.0313258 0.481285 2.99046
8.5 0.170828 0.531086 3.01097
8.53333 -0.000856794 0.608617 2.96468
8.56667 0.00470877 0.541628 3.10304
8.6 0.104318 0.463039 3.03306
8.63333 -0.120472 0.678738 3.05012
8.66667 0.0504068 0.727135 3.0376
8.7 -0.0277058 0.713129 3.0222
8.73333 -0.0796763 0.525377 3.08215
8.76667 0.137606 0.389394 3.09505
8.8 0.0840364 0.79719 3.13723
8.83333 -0.0908543 0.384768 -3.13546
8.86667 -0.123336 0.484907 3.02783
8.9 0.00325844 0.541478 -3.13396
8.93333 0.091259 0.413368 -3.12018
8.96667 -0.0862144 0.485332 3.1316
9 -0.00981699 0.379147 -3.06697
9.03333 0.0247127 0.467499 -3.12754
9.06667 0.101688 0.567844 -3.08836
9.1 0.0632856 0.609006 -3.06264
9.13333 -0.0817357 0.522504 -3.02817
9.16667 0.00475549 0.713939 -3.08738
9.2 0.000661983 0.435869 -3.05898
9.23333 -0.0678939 0.562261 -3.08872
9.26667 0.0397981 0.624583 -2.98936
9.3 0.077506 0.543134 -3.02135
9.33333 0.029713 0.346076 -2.96989
9.36667 -0.184621 0.510873 -2.96339
9.4 0.133413 0.672566 -2.98804
9.43333 -0.0462444 0.534928 -2.8905
9.46667 0.0340959 0.636101 -2.95311
9.5 0.0304629 0.544458 -2.94721
9.53333 -0.114334 0.381007 -2.93884
9.56667 -0.0893296 0.669709 -2.89938
9.6 -0.0763049 0.58542 -2.83919
9.63333 0.0365163 0.636822 -2.92461
9.66667 -0.13549 0.570418 -2.92063
9.7 -0.00550367 0.572564 -2.81864
9.73333 -0.168592 0.608611 -2.7804
9.76667 -0.0447519 0.53494 -2.86849
9.8 -0.253513 0.369502 -2.83655
9.83333 -0.0945348 0.493153 -2.86318
9.86667 0.0112986 0.580424 -2.80962
9.9 -0.129538 0.625151 -2.80198
9.93333 -0.0241596 0.474298 -2.69762
9.96667 -0.269828 0.49562 -2.79148
10 -0.204294 0.682624 -2.79843
10.0333 0.0868152 0.503677 -2.76963
