0.0333333 0.0122454 0.0374544 0.0678502
0.0666667 0.00982368 0.0269007 0.072018
0.1 0.0146094 0.0218157 0.0704741
0.133333 -0.00117382 0.0104287 0.0769595
0.166667 0.00602588 0.0125271 0.0924176
0.2 0.0117136 0.000905393 0.104281
0.233333 0.0194505 -0.0060745 0.116742
0.266667 0.0235155 -0.0121836 0.124067
0.3 0.0305653 -0.0184003 0.135051
0.333333 0.0402631 -0.0251136 0.145211
0.366667 0.0378132 -0.0169843 0.157651
0.4 0.0442297 -0.0216512 0.164931
0.433333 0.0392485 -0.0225561 0.176089
0.466667 0.0449822 -0.0184978 0.187592
0.5 0.0422192 -0.0181828 0.198369
0.533333 0.041391 -0.0168658 0.210705
0.566667 0.0485218 -0.0203292 0.221686
0.6 0.0536773 -0.018842 0.233618
0.633333 0.0569156 -0.0180515 0.245254
0.666667 0.0546508 -0.0119189 0.255178
0.7 0.0567807 -0.0120549 0.266166
0.733333 0.0584149 -0.00832158 0.276334
0.766667 0.0593313 -0.00438583 0.285918
0.8 0.0625237 -0.00342712 0.297554
0.833333 0.0662675 -0.00360497 0.305842
0.866667 0.0746253 -0.00445095 0.315092
0.9 0.0772693 -0.00311406 0.325888
0.933333 0.086862 -0.000383449 0.337598
0.966667 0.0871626 0.000775518 0.348828
1 0.0888818 0.00442585 0.359781
1.03333 0.0925451 0.00487711 0.372306
1.06667 0.0928372 0.00684808 0.383702
1.1 0.0981142 0.00700943 0.397535
1.13333 0.103104 0.00887847 0.410479
1.16667 0.105313 0.0105462 0.420942
1.2 0.110306 0.0128063 0.431121
1.23333 0.113622 0.0161601 0.443767
1.26667 0.119144 0.0186776 0.45701
1.3 0.122618 0.0197305 0.46636
1.33333 0.122868 0.0214042 0.478157
1.36667 0.128233 0.026708 0.488302
1.4 0.129767 0.0280194 0.50008
1.43333 0.132003 0.0293296 0.511192
1.46667 0.136348 0.0302018 0.52261
1.5 0.137213 0.0295381 0.533211
1.53333 0.14155 0.030127 0.543127
1.56667 0.141946 0.030664 0.553724
1.6 0.145104 0.0348907 0.56583
1.63333 0.145113 0.0345415 0.577829
1.66667 0.147858 0.0390461 0.588401
1.7 0.150728 0.040321 0.600434
1.73333 0.155401 0.0459621 0.612331
1.76667 0.161513 0.0513202 0.624786
1.8 0.163479 0.053648 0.636241
1.83333 0.164828 0.0553837 0.646563
1.86667 0.1669 0.0591462 0.658881
1.9 0.173593 0.0613956 0.670101
1.93333 0.174611 0.0649594 0.680532
1.96667 0.178394 0.0696288 0.692559
2 0.180976 0.0711357 0.704298
2.03333 0.183593 0.0763204 0.71695
2.06667 0.187214 0.0782126 0.72938
2.1 0.192146 0.0814763 0.742479
2.13333 0.193832 0.0803492 0.75339
2.16667 0.196206 0.0813789 0.764343
2.2 0.197342 0.082559 0.775298
2.23333 0.200001 0.0860015 0.786094
2.26667 0.200743 0.0861921 0.796627
2.3 0.203764 0.0862299 0.806544
2.33333 0.204318 0.087633 0.818694
2.36667 0.205206 0.0895124 0.830956
2.4 0.206672 0.0925175 0.843455
2.43333 0.210052 0.0956858 0.855089
2.46667 0.212914 0.0989874 0.867406
2.5 0.215116 0.101461 0.87927
2.53333 0.217318 0.10472 0.891243
2.56667 0.218232 0.108405 0.903931
2.6 0.221483 0.112047 0.916002
2.63333 0.223007 0.113461 0.926969
2.66667 0.225062 0.115054 0.937365
2.7 0.2285 0.117276 0.948514
2.73333 0.230245 0.120876 0.960368
2.76667 0.228424 0.121277 0.972663
2.8 0.231208 0.127028 0.985094
2.83333 0.232864 0.128314 0.99689
2.86667 0.235438 0.12788 1.00782
2.9 0.237309 0.132952 1.01962
2.93333 0.239581 0.133732 1.03029
2.96667 0.244733 0.138581 1.04216
3 0.246521 0.139826 1.05327
3.03333 0.246783 0.141759 1.06543
3.06667 0.249045 0.144905 1.07711
3.1 0.248311 0.147539 1.08942
3.13333 0.246709 0.15027 1.10048
3.16667 0.247367 0.150568 1.11122
3.2 0.248404 0.153567 1.12206
3.23333 0.251011 0.158029 1.13249
3.26667 0.251167 0.161165 1.14372
3.3 0.253149 0.164692 1.1554
3.33333 0.252934 0.166897 1.16723
3.36667 0.254529 0.172071 1.17917
3.4 0.257643 0.177339 1.19082
3.43333 0.257728 0.180747 1.20239
3.46667 0.257354 0.182068 1.21505
3.5 0.25929 0.1859 1.22546
3.53333 0.260738 0.188204 1.23693
3.56667 0.26046 0.190613 1.24787
3.6 0.261131 0.192295 1.25883
3.63333 0.259234 0.196279 1.27132
3.66667 0.260067 0.19984 1.28322
3.7 0.261979 0.204236 1.2943
3.73333 0.262835 0.20965 1.30619
3.76667 0.264996 0.211538 1.31744
3.8 0.265813 0.21477 1.32907
3.83333 0.26721 0.221555 1.3407
3.86667 0.266196 0.226096 1.35256
3.9 0.267336 0.232297 1.36308
3.93333 0.269471 0.234195 1.37458
3.96667 0.270935 0.236007 1.38698
4 0.273001 0.236965 1.39813
4.03333 0.273202 0.23748 1.40995
4.06667 0.274501 0.241011 1.42116
4.1 0.273936 0.243545 1.43286
4.13333 0.27461 0.245388 1.44454
4.16667 0.274798 0.249202 1.4566
4.2 0.276624 0.253951 1.46862
4.23333 0.275618 0.255119 1.48067
4.26667 0.274293 0.258914 1.49265
4.3 0.27539 0.264209 1.50495
4.33333 0.275823 0.267481 1.51801
4.36667 0.275773 0.268441 1.53021
4.4 0.274264 0.27329 1.5413
4.43333 0.274704 0.278285 1.55311
4.46667 0.274146 0.278794 1.56475
4.5 0.274366 0.280062 1.57574
4.53333 0.273716 0.282177 1.58732
4.56667 0.273563 0.283865 1.59879
4.6 0.273841 0.286706 1.6108
4.63333 0.275132 0.289868 1.62249
4.66667 0.273796 0.293941 1.63538
4.7 0.272357 0.299254 1.64677
4.73333 0.272067 0.301283 1.65867
4.76667 0.272939 0.30437 1.67049
4.8 0.272383 0.306201 1.6821
4.83333 0.26928 0.308353 1.69351
4.86667 0.269783 0.313375 1.70379
4.9 0.268978 0.315588 1.71594
4.93333 0.267655 0.318151 1.72806
4.96667 0.266143 0.323797 1.73963
5 0.264786 0.328818 1.75223
5.03333 0.264626 0.332015 1.76326
5.06667 0.264176 0.333053 1.77447
5.1 0.262912 0.335914 1.78596
5.13333 0.261692 0.340143 1.79689
5.16667 0.260101 0.341089 1.80847
5.2 0.259182 0.341482 1.81996
5.23333 0.257283 0.34738 1.83157
5.26667 0.256292 0.350211 1.84421
5.3 0.255138 0.356075 1.85546
5.33333 0.254184 0.359269 1.8671
5.36667 0.255099 0.362642 1.87936
5.4 0.253526 0.367119 1.8904
5.43333 0.252206 0.369635 1.90336
5.46667 0.251645 0.373896 1.91453
5.5 0.25086 0.378309 1.92601
5.53333 0.250108 0.381281 1.93667
5.56667 0.248136 0.381973 1.94939
5.6 0.245381 0.384945 1.96026
5.63333 0.244336 0.390893 1.97101
5.66667 0.243094 0.392528 1.98239
5.7 0.242038 0.395959 1.99334
5.73333 0.240983 0.401058 2.00565
5.76667 0.240168 0.405102 2.01726
5.8 0.239264 0.408907 2.02821
5.83333 0.23784 0.410914 2.04102
5.86667 0.23791 0.412851 2.05308
5.9 0.2363 0.413322 2.0636
5.93333 0.234267 0.417338 2.07443
5.96667 0.232544 0.419633 2.08623
6 0.230085 0.423792 2.09672
6.03333 0.22812 0.425727 2.10876
6.06667 0.226815 0.430833 2.11987
6.1 0.225012 0.43202 2.13145
6.13333 0.222625 0.435724 2.14289
6.16667 0.220925 0.438063 2.15453
6.2 0.219403 0.441328 2.16532
6.23333 0.215832 0.445745 2.17801
6.26667 0.214032 0.444993 2.19035
6.3 0.211999 0.44985 2.20137
6.33333 0.209725 0.453621 2.21258
6.36667 0.207687 0.45811 2.22453
6.4 0.205074 0.462416 2.23636
6.43333 0.202631 0.465583 2.24729
6.46667 0.200114 0.469229 2.25812
6.5 0.19775 0.472498 2.26938
6.53333 0.196831 0.474806 2.28056
6.56667 0.195562 0.477267 2.29257
6.6 0.194131 0.479771 2.30483
6.63333 0.192116 0.481098 2.31665
6.66667 0.189146 0.483882 2.32965
6.7 0.187101 0.48732 2.34216
6.73333 0.186085 0.490636 2.35321
6.76667 0.181793 0.491935 2.36514
6.8 0.179547 0.492864 2.37747
6.83333 0.176141 0.496142 2.38894
6.86667 0.173839 0.497476 2.39955
6.9 0.171105 0.497823 2.41096
6.93333 0.169444 0.501045 2.42206
6.96667 0.169653 0.499104 2.43414
7 0.166369 0.501137 2.44667
7.03333 0.164417 0.503455 2.45866
7.06667 0.161286 0.506162 2.47118
7.1 0.159 0.507965 2.48341
7.13333 0.156082 0.508796 2.49568
7.16667 0.153498 0.510602 2.50715
7.2 0.152235 0.511013 2.51918
7.23333 0.149234 0.511762 2.53066
7.26667 0.145902 0.513838 2.54201
7.3 0.142558 0.517117 2.55301
7.33333 0.140579 0.516812 2.56507
7.36667 0.136352 0.520561 2.57571
7.4 0.134581 0.52154 2.58784
7.43333 0.132213 0.523084 2.59941
7.46667 0.130322 0.524502 2.61063
7.5 0.12679 0.528742 2.62325
7.53333 0.12328 0.530748 2.63471
7.56667 0.118393 0.534797 2.64606
7.6 0.115721 0.536357 2.65692
7.63333 0.113265 0.537718 2.66836
7.66667 0.110239 0.539142 2.67971
7.7 0.107247 0.540611 2.69134
7.73333 0.104944 0.540726 2.70291
7.76667 0.102851 0.541984 2.71391
7.8 0.0998099 0.543349 2.72555
7.83333 0.098015 0.542776 2.7367
7.86667 0.0916866 0.545821 2.7493
7.9 0.0866254 0.547521 2.76061
7.93333 0.0813757 0.550145 2.77221
7.96667 0.0775426 0.551889 2.78299
8 0.0741385 0.552437 2.79429
8.03333 0.0723856 0.551858 2.80642
8.06667 0.0709607 0.552841 2.8188
8.1 0.0677934 0.55388 2.83043
8.13333 0.0668425 0.552846 2.84267
8.16667 0.0643014 0.554679 2.85443
8.2 0.0610992 0.555604 2.86606
8.23333 0.0583553 0.555404 2.87856
8.26667 0.0517251 0.557644 2.89011
8.3 0.0460228 0.558283 2.90256
8.33333 0.0440028 0.55768 2.9147
8.36667 0.0419478 0.55918 2.9259
8.4 0.0417561 0.559395 2.93721
8.43333 0.0405538 0.558063 2.94925
8.46667 0.0374798 0.557904 2.96142
8.5 0.0360713 0.557594 2.97369
8.53333 0.0321565 0.558783 2.98496
8.56667 0.028861 0.559284 2.9966
8.6 0.0269922 0.558478 3.00868
8.63333 0.0211968 0.56052 3.02083
8.66667 0.0176847 0.562291 3.03249
8.7 0.0132383 0.564204 3.04371
8.73333 0.00878596 0.564441 3.05584
8.76667 0.00792646 0.562608 3.06798
8.8 0.00480901 0.564495 3.08052
8.83333 0.00148078 0.564679 3.09216
8.86667 -0.00323273 0.564715 3.10251
8.9 -0.0065642 0.564826 3.11415
8.93333 -0.00989674 0.564898 3.12578
8.96667 -0.0140416 0.564509 3.13735
9 -0.0173749 0.564504 -3.1342
9.03333 -0.0207079 0.56446 -3.12256
9.06667 -0.0240402 0.564377 -3.11092
9.1 -0.0273713 0.564256 -3.09929
9.13333 -0.0307008 0.564095 -3.08765
9.16667 -0.0340281 0.563896 -3.07602
9.2 -0.0373529 0.563659 -3.06438
9.23333 -0.0406748 0.563382 -3.05275
9.26667 -0.0439932 0.563067 -3.04111
9.3 -0.0473077 0.562713 -3.02948
9.33333 -0.0506178 0.562321 -3.01784
9.36667 -0.0539232 0.56189 -3.00621
9.4 -0.0572233 0.561421 -2.99457
9.43333 -0.0605178 0.560914 -2.98293
9.46667 -0.0638061 0.560368 -2.9713
9.5 -0.0670879 0.559784 -2.95966
9.53333 -0.0703626 0.559162 -2.94803
9.56667 -0.0736299 0.558502 -2.93639
9.6 -0.0768893 0.557803 -2.92476
9.63333 -0.0801403 0.557067 -2.91312
9.66667 -0.0833825 0.556294 -2.90149
9.7 -0.0866156 0.555482 -2.88985
9.73333 -0.0898389 0.554633 -2.87821
9.76667 -0.0930522 0.553747 -2.86658
9.8 -0.0962549 0.552823 -2.85494
9.83333 -0.0994467 0.551862 -2.84331
9.86667 -0.102627 0.550863 -2.83167
9.9 -0.105796 0.549828 -2.82004
9.93333 -0.108952 0.548757 -2.8084
9.96667 -0.112095 0.547648 -2.79677
10 -0.115226 0.546503 -2.78513
10.0333 -0.118343 0.545322 -2.77349
