0.0333333 0.00192226 1.15629e-05 0.0120304
0.0666667 0.0071622 0.000102064 0.022509
0.1 0.0109556 0.000208962 0.0338364
0.133333 0.0133045 0.000302562 0.0458169
0.166667 0.0158505 0.000434712 0.0579007
0.2 0.0174103 0.000534196 0.0694898
0.233333 0.0228577 0.000947256 0.0818727
0.266667 0.0251045 0.00114458 0.0933281
0.3 0.0286189 0.00149437 0.105077
0.333333 0.0316267 0.00182978 0.117035
0.366667 0.0339255 0.00211228 0.127517
0.4 0.0375407 0.00259681 0.138951
0.433333 0.0438311 0.00351365 0.150511
0.466667 0.0475526 0.00409967 0.16187
0.5 0.0476152 0.00411027 0.173456
0.533333 0.0493521 0.0044249 0.184946
0.566667 0.0540701 0.0053356 0.196412
0.6 0.0591952 0.00638606 0.207917
0.633333 0.0606082 0.00669242 0.219112
0.666667 0.0624055 0.00710367 0.230777
0.7 0.0653089 0.00780551 0.243576
0.733333 0.0653537 0.00781691 0.254866
0.766667 0.0703777 0.00915833 0.266968
0.8 0.0744807 0.0103081 0.279471
0.833333 0.0798586 0.011883 0.290278
0.866667 0.0827595 0.0127681 0.302036
0.9 0.0845514 0.0133379 0.313724
0.933333 0.0897949 0.0150729 0.325364
0.966667 0.0927448 0.0160879 0.337387
1 0.0986071 0.0181818 0.348742
1.03333 0.100768 0.0189826 0.361053
1.06667 0.103571 0.0200619 0.373962
1.1 0.105682 0.0209046 0.38564
1.13333 0.108292 0.0219811 0.396908
1.16667 0.112245 0.0236677 0.409562
1.2 0.11383 0.0243658 0.420313
1.23333 0.119795 0.0270674 0.430271
1.26667 0.124006 0.0290302 0.44202
1.3 0.124703 0.0293649 0.452895
1.33333 0.127811 0.0308972 0.463328
1.36667 0.12968 0.0318434 0.473677
1.4 0.133642 0.0339006 0.484346
1.43333 0.13702 0.0357037 0.496199
1.46667 0.139258 0.0369335 0.508684
1.5 0.141965 0.0384635 0.520083
1.53333 0.145607 0.0405783 0.532135
1.56667 0.149296 0.0427809 0.544459
1.6 0.151093 0.0438824 0.555331
1.63333 0.15123 0.0439688 0.566799
1.66667 0.152711 0.0449242 0.579167
1.7 0.155295 0.0466357 0.590816
1.73333 0.15765 0.0482368 0.60355
1.76667 0.160851 0.0504694 0.614464
1.8 0.162134 0.0513862 0.62659
1.83333 0.165361 0.05375 0.637612
1.86667 0.167494 0.0553476 0.648281
1.9 0.167406 0.0552797 0.660339
1.93333 0.169151 0.0566501 0.670608
1.96667 0.172157 0.0590612 0.681666
2 0.17444 0.0609362 0.693335
2.03333 0.175853 0.0621253 0.705716
2.06667 0.180065 0.0657573 0.717563
2.1 0.181093 0.0666653 0.729198
2.13333 0.183303 0.0686629 0.74062
2.16667 0.185851 0.0710207 0.752924
2.2 0.187349 0.0724424 0.765101
2.23333 0.191991 0.0769499 0.776473
2.26667 0.193311 0.0782611 0.78703
2.3 0.194939 0.0799133 0.798952
2.33333 0.197155 0.0822172 0.810396
2.36667 0.200279 0.0855377 0.821635
2.4 0.203359 0.0888903 0.833552
2.43333 0.204598 0.0902709 0.84598
2.46667 0.206496 0.0924381 0.857025
2.5 0.20836 0.0946144 0.868095
2.53333 0.210265 0.0968917 0.879877
2.56667 0.213372 0.100695 0.891995
2.6 0.214971 0.102702 0.903998
2.63333 0.218184 0.106829 0.914572
2.66667 0.220384 0.109723 0.927091
2.7 0.222515 0.112599 0.938814
2.73333 0.225121 0.116202 0.95067
2.76667 0.226131 0.117635 0.963168
2.8 0.228059 0.120443 0.974944
2.83333 0.228574 0.121213 0.987231
2.86667 0.229715 0.122962 0.998602
2.9 0.232191 0.126857 1.01021
2.93333 0.233046 0.128236 1.02224
2.96667 0.234591 0.1308 1.0346
3 0.237323 0.13546 1.04633
3.03333 0.238607 0.137709 1.05784
3.06667 0.240065 0.140334 1.0696
3.1 0.240291 0.140752 1.082
3.13333 0.24157 0.143189 1.09342
3.16667 0.2437 0.147371 1.10596
3.2 0.244423 0.148835 1.11813
3.23333 0.246828 0.15385 1.12881
3.26667 0.248289 0.156985 1.14102
3.3 0.249529 0.159734 1.15293
3.33333 0.249697 0.160118 1.16436
3.36667 0.251022 0.163249 1.17628
3.4 0.253182 0.168521 1.18765
3.43333 0.253908 0.170358 1.20085
3.46667 0.255301 0.174013 1.21271
3.5 0.255191 0.173713 1.22603
3.53333 0.256318 0.176908 1.23762
3.56667 0.258227 0.18253 1.24907
3.6 0.259243 0.185643 1.26163
3.63333 0.260326 0.1891 1.27297
3.66667 0.262313 0.195722 1.28558
3.7 0.263159 0.198672 1.2975
3.73333 0.265379 0.206771 1.30895
3.76667 0.266029 0.209259 1.32172
3.8 0.266727 0.212067 1.33251
3.83333 0.267426 0.215027 1.34511
3.86667 0.267916 0.217223 1.35776
3.9 0.268455 0.219785 1.36934
3.93333 0.269365 0.224383 1.38141
3.96667 0.270381 0.229851 1.39271
4 0.271113 0.234056 1.40428
4.03333 0.271486 0.236362 1.41643
4.06667 0.272198 0.241134 1.42881
4.1 0.272718 0.244933 1.44059
4.13333 0.272804 0.245622 1.45266
4.16667 0.273321 0.250162 1.46247
4.2 0.273564 0.25253 1.4745
4.23333 0.274061 0.258006 1.48616
4.26667 0.274315 0.261226 1.49779
4.3 0.274635 0.265951 1.50855
4.33333 0.274765 0.268228 1.51906
4.36667 0.274948 0.27219 1.52986
4.4 0.275026 0.274438 1.54246
4.43333 0.275087 0.277154 1.55427
4.46667 0.2751 0.278232 1.56424
4.5 0.275103 0.28253 1.57571
4.53333 0.275079 0.284876 1.58678
4.56667 0.274963 0.290379 1.59699
4.6 0.274828 0.294563 1.60883
4.63333 0.274587 0.299998 1.62152
4.66667 0.274373 0.303789 1.6329
4.7 0.274078 0.308128 1.6445
4.73333 0.274053 0.308441 1.6566
4.76667 0.273666 0.312669 1.66739
4.8 0.27313 0.317869 1.67958
4.83333 0.272793 0.320794 1.69158
4.86667 0.272172 0.325682 1.70296
4.9 0.271918 0.327512 1.71407
4.93333 0.271716 0.328853 1.72657
4.96667 0.271501 0.330174 1.73711
5 0.270783 0.334293 1.74957
5.03333 0.270367 0.336524 1.76091
5.06667 0.26952 0.340789 1.77296
5.1 0.269362 0.341535 1.7848
5.13333 0.269235 0.342103 1.79645
5.16667 0.268001 0.347351 1.80705
5.2 0.267293 0.350215 1.81966
5.23333 0.266281 0.354096 1.83182
5.26667 0.265499 0.356956 1.844
5.3 0.265092 0.358373 1.8564
5.33333 0.264214 0.361296 1.8685
5.36667 0.263468 0.363674 1.88126
5.4 0.262852 0.365559 1.8922
5.43333 0.26266 0.366124 1.90344
5.46667 0.260647 0.371836 1.91587
5.5 0.258719 0.377103 1.92756
5.53333 0.257723 0.379724 1.94001
5.56667 0.256254 0.383461 1.95089
5.6 0.255684 0.384864 1.96212
5.63333 0.255019 0.38645 1.97395
5.66667 0.254694 0.3872 1.98513
5.7 0.254612 0.387383 1.99743
5.73333 0.25317 0.39051 2.00864
5.76667 0.251999 0.392974 2.01989
5.8 0.250077 0.396907 2.0311
5.83333 0.248519 0.400002 2.04331
5.86667 0.246143 0.404588 2.05428
5.9 0.244496 0.40768 2.06604
5.93333 0.243097 0.410232 2.07815
5.96667 0.242841 0.410688 2.08911
6 0.240928 0.413993 2.1015
6.03333 0.239621 0.41619 2.11351
6.06667 0.23648 0.421327 2.12567
6.1 0.234607 0.42431 2.1376
6.13333 0.234493 0.424487 2.14997
6.16667 0.233411 0.426122 2.16062
6.2 0.231265 0.429288 2.17207
6.23333 0.229626 0.431648 2.1836
6.26667 0.227684 0.434374 2.196
6.3 0.226033 0.436635 2.2072
6.33333 0.223061 0.440608 2.21879
6.36667 0.220992 0.443307 2.23106
6.4 0.21837 0.446647 2.24143
6.43333 0.216592 0.448863 2.25262
6.46667 0.212788 0.453496 2.26406
6.5 0.210343 0.456403 2.27576
6.53333 0.207882 0.459264 2.28647
6.56667 0.206105 0.461281 2.29954
6.6 0.202276 0.465523 2.31074
6.63333 0.200725 0.467202 2.32304
6.66667 0.197731 0.470367 2.33344
6.7 0.195316 0.472865 2.34547
6.73333 0.191454 0.476762 2.35764
6.76667 0.186013 0.482127 2.36891
6.8 0.183139 0.484895 2.38121
6.83333 0.182427 0.485563 2.39326
6.86667 0.179654 0.488108 2.40499
6.9 0.176661 0.490791 2.4166
6.93333 0.176145 0.491243 2.4283
6.96667 0.172512 0.49435 2.43967
7 0.171085 0.495543 2.45177
7.03333 0.169155 0.497115 2.46388
7.06667 0.168097 0.497955 2.47705
7.1 0.162938 0.501945 2.48962
7.13333 0.160442 0.503826 2.50161
7.16667 0.155449 0.5075 2.51289
7.2 0.153449 0.508938 2.52419
7.23333 0.150089 0.511293 2.53614
7.26667 0.147541 0.513036 2.54718
7.3 0.145334 0.514509 2.55851
7.33333 0.140439 0.517699 2.56969
7.36667 0.13919 0.518493 2.58082
7.4 0.135321 0.520891 2.59285
7.43333 0.13107 0.52346 2.60297
7.46667 0.129111 0.524616 2.61439
7.5 0.125523 0.526675 2.62674
7.53333 0.123776 0.52765 2.63834
7.56667 0.121907 0.528663 2.65115
7.6 0.119553 0.529902 2.6635
7.63333 0.116976 0.531217 2.67572
7.66667 0.115507 0.531944 2.68824
7.7 0.113668 0.532826 2.7005
7.73333 0.112174 0.533521 2.7123
7.76667 0.108254 0.535288 2.72378
7.8 0.105656 0.536425 2.73422
7.83333 0.102733 0.537664 2.74736
7.86667 0.0989416 0.539214 2.7595
7.9 0.0943846 0.541016 2.77061
7.93333 0.0899407 0.542713 2.78293
7.96667 0.0880019 0.543426 2.79565
8 0.0832488 0.545109 2.80704
8.03333 0.0804721 0.546055 2.81956
8.06667 0.0766614 0.5473 2.83207
8.1 0.0740157 0.548127 2.84467
8.13333 0.0712571 0.548954 2.8564
8.16667 0.0693279 0.549507 2.86843
8.2 0.064954 0.550704 2.88043
8.23333 0.0633626 0.55112 2.89108
8.26667 0.0596423 0.55205 2.9025
8.3 0.0575833 0.552539 2.91437
8.33333 0.0564458 0.552795 2.92613
8.36667 0.0548624 0.553131 2.93828
8.4 0.0515754 0.553789 2.94953
8.43333 0.046938 0.554666 2.96003
8.46667 0.0427241 0.555416 2.97102
8.5 0.041999 0.555536 2.9822
8.53333 0.038909 0.556014 2.99439
8.56667 0.0342227 0.556681 3.00598
8.6 0.0335029 0.556775 3.01669
8.63333 0.0289796 0.557316 3.02855
8.66667 0.0275908 0.557465 3.04101
8.7 0.0228041 0.55792 3.05274
8.73333 0.0205668 0.558106 3.06444
8.76667 0.0164129 0.558403 3.07583
8.8 0.0132543 0.558594 3.08657
8.83333 0.00662004 0.558921 3.09824
8.86667 0.00414982 0.559014 3.10952
8.9 0.00299391 0.559044 3.12083
8.93333 -0.00283725 0.559129 3.13337
8.96667 -0.00904996 0.559144 -3.13821
9 -0.0121144 0.559116 -3.12659
9.03333 -0.013475 0.559088 -3.11528
9.06667 -0.0160323 0.559005 -3.10343
9.1 -0.016343 0.558992 -3.09176
9.13333 -0.0202851 0.558772 -3.08024
9.16667 -0.0233305 0.558568 -3.06908
9.2 -0.0274392 0.558243 -3.05608
9.23333 -0.0304831 0.557964 -3.04466
9.26667 -0.0342011 0.557579 -3.03196
9.3 -0.0368459 0.557273 -3.0213
9.33333 -0.0416171 0.556668 -3.00958
9.36667 -0.045329 0.556151 -2.99674
9.4 -0.0479485 0.555753 -2.98484
9.43333 -0.0507184 0.555299 -2.97339
9.46667 -0.0519954 0.555075 -2.96179
9.5 -0.0569653 0.55414 -2.94967
9.53333 -0.0627922 0.552969 -2.93684
9.56667 -0.0648131 0.552537 -2.92528
9.6 -0.0654807 0.552386 -2.91338
9.63333 -0.0691543 0.551511 -2.90191
9.66667 -0.0747416 0.550113 -2.89109
9.7 -0.0790779 0.54898 -2.88063
9.73333 -0.0811774 0.548405 -2.86861
9.76667 -0.0853609 0.547209 -2.85759
9.8 -0.0911266 0.545488 -2.84539
9.83333 -0.0964625 0.543826 -2.83377
9.86667 -0.0988035 0.543066 -2.82171
9.9 -0.103649 0.541432 -2.81114
9.93333 -0.108777 0.539641 -2.79997
9.96667 -0.11243 0.538319 -2.78894
10 -0.116521 0.536785 -2.77667
10.0333 -0.118794 0.535902 -2.76498
