0.261140
0.436301
0.885726
0.022543
0.630389
0.413811
0.835639
0.063123
0.593066
0.069322
0.226094
0.237067
0.264838
0.128069
0.173943
0.423751
0.249692
0.006296
0.665459
0.812209
0.216824
0.160277
0.241096
0.155711
0.364042
0.974176
0.760705
0.442123
0.536771
0.765654
0.370539
0.798910
0.202955
0.257265
0.822453
0.834344
0.672075
0.659092
0.898468
0.266142
0.729414
0.125561
0.504208
0.995252
0.254631
0.679152
0.420003
0.505322
0.686448
0.086462
0.318532
0.904272
0.247739
0.560628
0.060983
0.612781
0.535804
0.822688
0.055904
0.073574
0.589342
0.427443
0.873484
0.793297
0.685708
0.696937
0.628642
0.358783
0.357029
0.528109
0.625925
0.087443
0.654671
0.131133
0.083695
0.910301
0.811285
0.504698
0.416624
0.498733
0.592161
0.736156
0.404005
0.840900
0.297783
0.465988
0.454681
0.834587
0.289676
0.511585
0.909161
0.880018
0.940028
0.783645
0.674315
0.626736
0.481582
0.303957
0.986520
0.839611
0.833066
0.613445
0.928054
0.488737
0.745578
0.012749
0.400038
0.557863
0.518447
0.817662
0.057595
0.111608
0.554818
0.462600
0.953507
0.853601
0.929588
0.409188
0.689188
0.220264
0.921773
0.599349
0.101281
0.862801
0.383994
0.776597
0.490538
0.866577
0.081554
0.478057
0.707188
0.915620
0.092502
0.636242
0.405356
0.839079
0.649991
0.806394
0.397942
0.169438
0.625056
0.456538
0.282045
0.180874
0.920138
0.236552
0.035474
0.850725
0.646740
0.725662
0.071989
0.569514
0.326011
0.174270
0.433315
0.711006
0.951867
0.924853
0.578583
0.034420
0.403910
0.286770
0.951040
0.497411
0.924012
0.357396
0.337491
0.575003
0.164791
0.736433
0.745440
0.790847
0.193970
0.028486
0.972720
0.115108
0.266038
0.009195
0.966833
0.913778
0.735857
0.039822
0.484292
0.062868
0.215092
0.918607
0.774874
0.167959
0.844459
0.354457
0.203379
0.249369
0.642227
0.155419
0.747780
0.567239
0.513816
0.086271
0.143242
0.679607
0.823704
0.889683
0.471453
0.018674
0.919168
0.445174
0.134782
0.186206
0.455369
0.102615
0.100984
0.192226
0.143437
0.586276
0.256094
0.359529
0.505883
0.031968
0.528488
0.351343
0.387425
0.732868
0.601712
0.030652
0.889287
0.350492
0.598892
0.404103
0.437763
0.743134
0.084709
0.262467
0.633817
0.557163
0.282141
0.553985
0.003336
0.417923
0.741191
0.459705
0.521538
0.843176
0.652931
0.665976
0.430452
0.910025
0.026505
0.937335
0.942994
0.555993
0.289678
0.331419
0.289861
0.892389
0.363071
0.180148
0.243881
0.962963
0.585250
0.682644
0.707097
0.670960
0.946111
0.341914
0.229122
0.229251
0.896899
0.233459
0.648175
0.639090
0.694164
0.170713
0.483266
0.348095
0.837689
0.914718
0.259120
0.865193
0.853053
0.203114
0.422186
0.143730
0.535532
0.713047
0.037119
0.899603
0.894194
0.282000
0.863566
0.480445
0.965644
0.571663
0.152404
0.912755
0.914576
0.382527
0.143006
0.812475
0.616986
0.792181
0.452566
0.312150
0.963894
0.936831
0.661245
0.802582
0.852549
0.921365
0.668776
0.706602
0.125479
0.091962
0.851332
0.662011
0.806009
0.889452
0.562614
0.701203
0.172452
0.427180
0.182647
0.139096
-0.000157
0.336052
0.052851
0.915419
0.719579
0.196857
0.728895
0.337564
0.990038
0.182460
0.650714
0.954932
0.120292
0.312959
0.758514
0.973841
0.235324
0.428290
0.681443
0.361802
0.521252
0.533775
0.024813
0.328260
0.424227
0.588428
0.030463
0.597679
0.016608
0.214111
0.737776
0.017451
0.551162
0.791627
0.933870
0.271741
0.989484
0.663764
0.610306
0.980522
0.847225
0.262020
0.936454
0.968516
0.575979
0.695969
0.943357
0.812303
0.125258
0.625800
0.175105
0.647510
0.160575
0.200919
0.976770
0.585802
0.790346
0.008234
0.184482
0.807954
0.223344
0.923258
0.826405
0.775507
0.715884
0.761274
0.048248
0.706369
0.426039
0.659554
0.687891
0.274263
0.922573
0.625346
0.243780
0.499552
0.322314
0.188137
0.312855
0.448573
0.814937
0.488961
0.097083
0.976512
0.690880
0.074853
0.563314
0.482226
0.084087
0.748796
0.291180
0.308431
0.673054
0.118585
0.084937
0.389938
0.880859
0.134185
0.097307
0.307898
0.794739
0.786198
0.583162
0.718312
0.412544
0.827941
0.218865
0.735858
0.017078
0.532720
0.185430
0.833014
0.022681
0.283513
0.810526
0.714560
0.359366
0.374841
0.197786
0.444453
0.124637
0.489967
0.753884
0.798691
0.609551
0.839821
0.189629
0.491411
0.975006
0.287936
0.800309
0.770745
0.075134
0.384470
0.490057
0.488677
0.213411
0.709922
0.225535
0.231489
0.243642
0.411966
0.065503
0.267323
0.696479
0.877029
0.982883
0.056845
0.252870
0.181669
0.502298
0.378507
0.672636
0.257181
0.178197
0.283187
0.098002
0.368826
0.775598
0.074008
0.657762
0.576907
0.845753
0.733896
0.962377
0.336810
0.223573
0.176788
0.047732
0.450108
0.409277
0.292374
0.863074
0.475781
0.560696
0.560553
0.353810
0.544579
0.618397
0.607680
0.727249
0.121695
0.987187
0.400885
0.379877
0.166384
0.685072
0.478879
0.536210
0.461670
0.553887
0.194972
0.039576
0.400641
0.929868
0.002953
0.738451
0.154441
0.180741
0.787183
0.605549
0.591019
0.080557
0.469623
0.067799
0.642253
0.031175
0.422609
0.187832
0.650573
0.031289
0.916081
0.773268
0.019476
0.317966
0.154145
0.186860
0.004038
0.634024
0.724071
0.466707
0.188911
0.920043
0.507283
0.590552
0.850911
0.511236
0.330003
0.006351
0.692977
0.118186
0.612900
0.284996
0.199743
0.083523
0.353795
0.842996
0.115698
0.777404
0.031828
0.767271
0.809693
0.948910
0.541539
0.830170
0.267875
0.696683
0.018030
0.272913
0.331707
0.743101
0.740620
0.521618
0.664144
0.248903
0.113170
0.516054
0.761139
0.444172
0.523406
0.455117
0.563358
0.137306
0.741113
0.764101
0.221828
0.095908
0.608097
0.338526
0.874312
0.640925
0.106797
0.685005
0.590835
0.649335
0.516175
0.859710
0.347019
0.535205
0.133623
0.679725
0.279306
0.875243
0.202343
0.944449
0.125146
0.316513
0.461504
0.887285
0.761685
0.985909
0.343402
0.326044
0.124215
0.085514
0.091145
0.347043
0.182422
0.700241
0.686570
0.057733
0.342167
0.794366
0.743738
0.934002
0.444702
0.260913
0.794712
0.792720
0.797118
0.929335
0.473446
0.077423
0.805577
0.676789
0.022873
0.931723
0.994302
0.485376
0.820008
0.756987
0.472286
0.164409
0.084030
0.597501
0.250923
0.176175
0.945544
0.434345
0.877416
0.633114
0.493078
0.220583
0.428480
0.237817
0.155585
0.874182
0.499730
0.951296
0.667902
0.297847
0.881631
0.142348
0.376270
0.688208
0.820137
0.400143
0.620931
0.815439
0.886520
0.441939
0.573426
0.359805
0.607348
0.658456
0.958306
0.859272
0.835631
0.904850
0.294617
0.714047
0.538964
0.788695
0.935631
0.968444
0.027512
0.092215
0.843625
0.528241
0.044512
0.512528
0.827088
0.927143
0.655876
0.204359
0.616351
0.477013
0.605502
0.238282
0.293451
0.493022
0.681221
0.867877
0.853827
0.289570
0.527333
0.813133
0.149841
0.363964
0.718983
0.445458
0.079011
0.258947
0.235153
0.015642
0.228390
0.263665
0.108857
0.073016
0.792906
0.154369
0.586544
0.620994
0.082512
0.243419
0.826353
0.699864
0.721432
0.432855
0.939146
0.015884
0.926877
0.621367
0.884761
0.781704
0.911936
0.413094
0.595837
0.062778
0.778058
0.315820
0.509236
0.858069
0.575767
0.745389
0.874711
0.805157
0.010054
0.984569
0.879173
0.803960
0.139938
0.466717
0.425954
0.223450
0.711136
0.253307
0.924314
0.433568
0.687162
0.864460
0.450452
0.615039
0.486827
0.336213
0.397743
0.399763
0.750307
0.994580
0.463541
0.529364
0.311400
0.973777
0.388434
0.888167
0.720166
0.264145
0.694324
0.731220
0.249713
0.574497
0.536180
0.390652
0.042213
0.963134
0.615102
0.754350
0.217441
0.540416
0.188918
0.905603
0.405876
0.640370
0.521643
0.893703
0.977583
0.920386
0.294466
0.728889
0.915965
0.759007
0.259254
0.228365
0.733784
0.648687
0.117532
0.454949
0.913832
0.812855
0.187169
0.164546
0.388352
0.724349
0.556197
0.431566
0.688483
0.172299
0.186915
0.906924
0.713715
0.376833
0.813527
0.120591
0.018203
0.336169
0.015294
0.996786
0.257555
0.310759
0.726675
0.174520
0.070766
0.986928
0.403886
0.805550
0.636616
0.522417
0.261499
0.551448
0.336273
0.449668
0.716993
0.725625
0.175017
0.274190
0.158191
0.864500
0.447489
0.346106
0.772423
0.162205
0.723939
0.586950
0.283796
0.743142
0.924120
0.300089
0.740927
0.182675
0.611848
0.468602
0.358195
0.683614
0.456530
0.763080
0.490164
0.094146
0.286498
0.752663
0.646594
0.623770
0.203331
0.364587
0.350395
0.379348
0.639777
0.509586
0.244848
0.088267
0.856692
0.018271
0.251471
0.581631
0.606221
0.536267
0.325773
0.531341
0.837356
0.067700
0.715015
0.450204
0.537302
0.074210
0.134819
0.994832
0.838291
0.625983
0.089978
0.125788
0.379646
0.737572
0.750559
0.583977
0.103159
0.101954
0.964325
0.743936
0.612540
0.210173
0.833202
0.470232
0.229444
0.085674
0.052863
0.836665
0.622940
0.379636
0.369005
0.461296
0.448335
0.085021
0.912501
0.986637
0.160231
0.048320
0.982470
-0.000479
0.675302
0.073448
0.126310
0.055948
0.812020
0.877869
0.640925
0.916179
0.980823
0.606250
0.661115
0.594363
0.817424
0.495317
0.065595
0.047867
0.581991
0.119458
0.885532
0.205931
0.500094
0.255538
0.668227
0.949429
0.341559
0.581728
0.937067
0.502789
0.631048
0.920537
0.503311
0.307350
0.994985
0.630620
0.364298
0.808005
0.509489
0.006223
0.725184
0.491312
0.613474
0.387299
0.086675
0.431897
0.883616
0.153270
0.480765
0.466607
0.273728
0.367297
0.673538
0.774822
0.623835
0.342766
0.725251
0.966394
0.925494
0.663318
0.470183
0.557541
0.584854
0.974494
0.865891
0.580839
0.606114
0.231189
0.389844
0.116603
0.238413
0.116028
0.608915
0.852887
0.504327
0.696590
0.285784
0.388944
0.850860
0.767549
0.856551
0.125588
0.135847
0.531089
0.901410
0.760682
0.874855
0.627661
0.728075
0.801349
0.291978
0.199258
0.359890
0.877832
0.174752
0.226781
0.459671
