0 -0.00249529 0.0399018 -0.0748587 1.19705
0.0333333 0.0022709 0.0334269 0.142986 -0.194246
0.0666667 0.118756 -0.116407 3.49455 -4.49502
0.1 0.177668 0.0478628 1.76735 4.92809
0.133333 0.0833995 0.0877067 -2.82804 1.19532
0.166667 0.134468 -0.000962239 1.53206 -2.66007
0.2 0.121541 -0.0886621 -0.387828 -2.631
0.233333 0.192543 -0.0191869 2.13008 2.08426
0.266667 0.276234 -0.0732569 2.51071 -1.6221
0.3 0.285937 0.0413237 0.291079 3.43742
0.333333 0.338678 0.00782009 1.58225 -1.00511
0.366667 0.326077 -0.0175607 -0.37805 -0.761425
0.4 0.308875 0.0141062 -0.516057 0.950007
0.433333 0.386674 0.000731791 2.33399 -0.401231
0.466667 0.433251 0.0473664 1.39731 1.39904
0.5 0.413857 -0.0149931 -0.581825 -1.87078
0.533333 0.524396 0.039769 3.31615 1.64286
0.566667 0.571676 0.000114668 1.4184 -1.18963
0.6 0.556285 0.0306194 -0.461711 0.915142
0.633333 0.573346 -0.0764126 0.51183 -3.21096
0.666667 0.67142 0.0286734 2.9422 3.15258
0.7 0.650473 -0.070001 -0.628408 -2.96023
0.733333 0.605938 0.0279539 -1.33604 2.93865
0.766667 0.709631 -0.0644138 3.11079 -2.77103
0.8 0.791917 -0.0498004 2.46859 0.438402
0.833333 0.841166 0.00300784 1.47746 1.58425
0.866667 0.853002 0.00243304 0.355087 -0.0172438
0.9 0.904975 -0.0204114 1.55917 -0.685335
0.933333 0.848579 -0.0301106 -1.69187 -0.290976
0.966667 0.963857 0.0167728 3.45835 1.4065
1 0.92768 -0.0597445 -1.08532 -2.29552
1.03333 1.01392 -0.0123807 2.58722 1.42092
1.06667 1.03475 0.0867631 0.624988 2.97431
1.1 1.03129 0.0379224 -0.103947 -1.46522
1.13333 1.11979 0.0102254 2.65518 -0.830908
1.16667 1.0554 0.014418 -1.93178 0.125778
1.2 1.16854 0.0504831 3.39423 1.08195
1.23333 1.18668 -0.0814645 0.544233 -3.95843
1.26667 1.19628 -0.031794 0.287745 1.49011
1.3 1.28445 0.0399702 2.64519 2.15293
1.33333 1.35981 0.0793387 2.26072 1.18105
1.36667 1.37285 0.0118511 0.391227 -2.02463
1.4 1.40983 0.0234032 1.10959 0.346563
1.43333 1.40597 -0.073573 -0.115943 -2.90929
1.46667 1.43652 0.0740923 0.916601 4.42996
1.5 1.4626 0.022368 0.782494 -1.55173
1.53333 1.49276 -0.0549427 0.904802 -2.31932
1.56667 1.53389 0.0511633 1.23383 3.18318
1.6 1.56412 0.0295394 0.906779 -0.648718
1.63333 1.60737 -0.0240828 1.29769 -1.60867
1.66667 1.63907 -0.0200184 0.950981 0.121931
1.7 1.6968 0.0394424 1.73165 1.78382
1.73333 1.69415 0.039189 -0.0792418 -0.00759975
1.76667 1.75555 0.000823737 1.84183 -1.15096
1.8 1.77089 0.0105163 0.460304 0.290777
1.83333 1.78819 -0.0586234 0.518811 -2.07419
1.86667 1.78142 0.0455005 -0.203029 3.12372
1.9 1.80678 0.0216811 0.760732 -0.714583
1.93333 1.95445 -0.0069765 4.43036 -0.859728
1.96667 1.9124 0.0243253 -1.26169 0.939055
2 1.94652 -0.0838764 1.02356 -3.24605
2.03333 2.0133 0.08926 2.00356 5.19409
2.06667 2.02692 -0.0115981 0.408443 -3.02574
2.1 2.03435 -0.0307326 0.222966 -0.574034
2.13333 2.11019 0.00114985 2.27513 0.956474
2.16667 2.03148 0.0198666 -2.36114 0.561503
2.2 2.13676 -0.0427232 3.15842 -1.87769
2.23333 2.15353 -0.0161718 0.502953 0.796542
2.26667 2.23847 0.0250319 2.54817 1.23611
2.3 2.34259 0.00803564 3.12358 -0.509887
2.33333 2.26201 -0.0940545 -2.41725 -3.06271
2.36667 2.32342 0.00376588 1.84214 2.93461
2.4 2.37706 -0.0380517 1.60917 -1.25453
2.43333 2.41579 0.0493281 1.16216 2.6214
2.46667 2.44566 0.0310644 0.895931 -0.547913
2.5 2.43475 0.0452426 -0.327228 0.425346
2.53333 2.51383 -0.0427511 2.37248 -2.63981
2.56667 2.59937 0.014444 2.56602 1.71585
2.6 2.55889 -0.0143577 -1.21436 -0.864051
2.63333 2.57278 -0.0210321 0.41661 -0.200233
2.66667 2.63316 0.0164607 1.81146 1.12478
2.7 2.6861 0.0124552 1.58829 -0.120165
2.73333 2.68127 -0.0248442 -0.14494 -1.11898
2.76667 2.81598 0.0449529 4.04138 2.09391
2.8 2.71657 -0.00939917 -2.98231 -1.63056
2.83333 2.78622 0.00501543 2.08944 0.432438
2.86667 2.78425 0.0234998 -0.058945 0.554531
2.9 2.79448 -0.0211893 0.306726 -1.34067
2.93333 2.90211 -0.00277034 3.22905 0.552568
2.96667 2.90236 -0.0330129 0.00751312 -0.907277
3 2.9729 0.0126818 2.11603 1.37084
3.03333 2.98301 0.00599811 0.303421 -0.200511
3.06667 2.94767 0.0379232 -1.06042 0.957753
3.1 3.06797 0.0169983 3.60901 -0.627746
3.13333 3.14787 0.0470139 2.39711 0.900466
3.16667 3.09408 -0.0242816 -1.61384 -2.13886
3.2 3.13987 -0.0145732 1.37378 0.291253
3.23333 3.16903 0.0197311 0.874928 1.02913
3.26667 3.1943 -0.0352549 0.758049 -1.64958
3.3 3.21335 -0.0558453 0.571462 -0.617714
3.33333 3.27787 0.0126751 1.93569 2.05561
3.36667 3.37573 0.0268366 2.93583 0.424846
3.4 3.37942 0.0239989 0.110672 -0.0851306
3.43333 3.28634 0.0643965 -2.79238 1.21193
3.46667 3.25352 0.0752439 -0.984636 0.325421
3.5 3.37193 0.134046 3.55214 1.76407
3.53333 3.37628 0.154854 0.130761 0.62423
3.56667 3.32637 0.176813 -1.49738 0.658776
3.6 3.276 0.223987 -1.51128 1.41523
3.63333 3.41069 0.313324 4.04077 2.68011
3.66667 3.39444 0.213158 -0.487579 -3.005
3.7 3.3347 0.315802 -1.79217 3.07934
3.73333 3.32577 0.341411 -0.267718 0.768254
3.76667 3.37274 0.481411 1.40895 4.20001
3.8 3.32356 0.447924 -1.47532 -1.00462
3.83333 3.39108 0.423066 2.02566 -0.745735
3.86667 3.3585 0.488239 -0.977514 1.95521
3.9 3.32771 0.504011 -0.923654 0.473149
3.93333 3.30329 0.523048 -0.73268 0.571104
3.96667 3.24359 0.554363 -1.79078 0.93944
4 3.34636 0.645161 3.0829 2.72395
4.03333 3.33884 0.670961 -0.225635 0.774003
4.06667 3.30191 0.751108 -1.10782 2.40442
4.1 3.35515 0.721194 1.59724 -0.897428
4.13333 3.30068 0.780739 -1.63416 1.78634
4.16667 3.31007 0.771845 0.28159 -0.266795
4.2 3.35752 0.787832 1.42377 0.479588
4.23333 3.28545 0.807 -2.16227 0.575064
4.26667 3.45545 0.894816 5.09996 2.63446
4.3 3.34716 0.914911 -3.24872 0.602847
4.33333 3.23034 0.976534 -3.50462 1.84869
4.36667 3.26818 0.940249 1.13541 -1.08853
4.4 3.29468 1.01342 0.794951 2.19522
4.43333 3.30236 1.03067 0.230217 0.517344
4.46667 3.32518 1.11756 0.684698 2.6068
4.5 3.3179 1.144 -0.218409 0.793113
4.53333 3.31153 1.20354 -0.190931 1.78633
4.56667 3.31953 1.20793 0.23978 0.131529
4.6 3.3053 1.26657 -0.42682 1.75933
4.63333 3.41989 1.23345 3.43757 -0.99365
4.66667 3.3204 1.369 -2.98461 4.06654
4.7 3.40093 1.34702 2.41603 -0.659559
4.73333 3.27981 1.36506 -3.63376 0.541292
4.76667 3.37219 1.37896 2.77164 0.417135
4.8 3.35172 1.4186 -0.614358 1.18906
4.83333 3.3194 1.41354 -0.969411 -0.151674
4.86667 3.31846 1.46494 -0.0282599 1.54187
4.9 3.33078 1.57344 0.369553 3.25491
4.93333 3.31348 1.6158 -0.519057 1.27086
4.96667 3.34471 1.63568 0.937004 0.596398
5 3.31006 1.64671 -1.03962 0.330841
5.03333 3.37183 1.654 1.85326 0.218883
5.06667 3.32061 1.70618 -1.53662 1.56531
5.1 3.40452 1.71323 2.51731 0.211398
5.13333 3.34768 1.75881 -1.70533 1.36741
5.16667 3.28846 1.81292 -1.77642 1.62354
5.2 3.38483 1.86092 2.89109 1.43998
5.23333 3.33816 1.89863 -1.4001 1.13113
5.26667 3.37458 1.94445 1.09258 1.37463
5.3 3.33011 1.93463 -1.33419 -0.29447
5.33333 3.29819 1.96457 -0.957714 0.89809
5.36667 3.40083 2.01481 3.07929 1.50712
5.4 3.33472 2.02773 -1.98334 0.38779
5.43333 3.38455 2.09596 1.49503 2.04696
5.46667 3.36116 2.16114 -0.701759 1.95515
5.5 3.37351 2.14707 0.3705 -0.422002
5.53333 3.39939 2.17919 0.776536 0.963658
5.56667 3.40294 2.18208 0.106294 0.0867102
5.6 3.36431 2.18524 -1.15874 0.094717
5.63333 3.29412 2.23203 -2.10579 1.40381
5.66667 3.33872 2.33882 1.33797 3.20369
5.7 3.36097 2.35228 0.667625 0.403629
5.73333 3.37381 2.419 0.385179 2.00166
5.76667 3.30632 2.37043 -2.02472 -1.45698
5.8 3.35773 2.39914 1.54224 0.861288
5.83333 3.34357 2.44076 -0.424702 1.2485
5.86667 3.3459 2.47375 0.0696617 0.989888
5.9 3.34814 2.51871 0.067271 1.34872
5.93333 3.32267 2.6065 -0.764132 2.63349
5.96667 3.32786 2.54854 0.155951 -1.73865
6 3.33944 2.62306 0.347242 2.2356
6.03333 3.35039 2.67098 0.328468 1.43762
6.06667 3.34707 2.74365 -0.0996696 2.17999
6.1 3.3673 2.74963 0.607041 0.179455
6.13333 3.23286 2.83371 -4.03335 2.52249
6.16667 3.34909 2.76493 3.48699 -2.06337
6.2 3.42574 2.84001 2.29955 2.2523
6.23333 3.31612 2.86997 -3.28849 0.898834
6.26667 3.32025 2.91287 0.12377 1.28695
6.3 3.28851 2.92414 -0.952234 0.338166
6.33333 3.27932 2.96831 -0.27565 1.32496
6.36667 3.28998 3.06415 0.319761 2.87518
6.4 3.2826 3.03139 -0.221258 -0.982644
6.43333 3.34236 2.99061 1.79265 -1.22356
6.46667 3.29214 3.02309 -1.5065 0.974467
6.5 3.3244 3.0765 0.967699 1.60224
6.53333 3.30422 3.18022 -0.605406 3.11178
6.56667 3.38283 3.22761 2.35835 1.42156
6.6 3.37721 3.27006 -0.16848 1.27368
6.63333 3.3502 3.30248 -0.810431 0.972552
6.66667 3.37238 3.34248 0.665438 1.20005
6.7 3.37232 3.25073 -0.00174264 -2.75247
6.73333 3.28189 3.23139 -2.7131 -0.580435
6.76667 3.29986 3.36144 0.539111 3.90174
6.8 3.20805 3.36028 -2.75422 -0.0350399
6.83333 3.21411 3.32771 0.181847 -0.976864
6.86667 3.24233 3.40847 0.846425 2.42276
6.9 3.14499 3.32922 -2.92007 -2.37751
6.93333 3.02757 3.27882 -3.52246 -1.51198
6.96667 3.00866 3.37176 -0.567511 2.78819
7 2.99946 3.34861 -0.27586 -0.694717
7.03333 2.98946 3.37732 -0.299919 0.861291
7.06667 2.98247 3.30076 -0.209899 -2.29654
7.1 2.93916 3.27947 -1.29927 -0.638705
7.13333 2.86552 3.35839 -2.20916 2.36744
7.16667 2.82495 3.31248 -1.21702 -1.37737
7.2 2.83407 3.28556 0.27368 -0.807463
7.23333 2.73966 3.32201 -2.83255 1.09349
7.26667 2.7776 3.32374 1.13836 0.0519546
7.3 2.74964 3.27457 -0.838713 -1.47522
7.33333 2.66503 3.33781 -2.53832 1.89732
7.36667 2.67742 3.30997 0.371725 -0.835301
7.4 2.68356 3.32606 0.183928 0.482697
7.43333 2.60531 3.32251 -2.34723 -0.10646
7.46667 2.58761 3.34539 -0.531039 0.686343
7.5 2.48861 3.29108 -2.97012 -1.62928
7.53333 2.49855 3.32122 0.298229 0.904194
7.56667 2.48398 3.3061 -0.437084 -0.453424
7.6 2.37796 3.3583 -3.18067 1.56571
7.63333 2.44507 3.28249 2.01349 -2.27419
7.66667 2.38908 3.32691 -1.67973 1.33263
7.7 2.27566 3.28092 -3.40278 -1.37958
7.73333 2.31052 3.2971 1.04581 0.485213
7.76667 2.30308 3.30272 -0.223164 0.168563
7.8 2.24519 3.30052 -1.73676 -0.065975
7.83333 2.18961 3.36173 -1.66744 1.83642
7.86667 2.11425 3.29415 -2.26064 -2.02745
7.9 2.15633 3.42871 1.26251 4.03683
7.93333 2.16763 3.34067 0.338981 -2.6412
7.96667 2.00337 3.32644 -4.92805 -0.427066
8 2.0422 3.32978 1.16494 0.100293
8.03333 1.99554 3.3399 -1.3998 0.303677
8.06667 1.99653 3.28888 0.029906 -1.53053
8.1 1.97431 3.272 -0.666633 -0.506623
8.13333 1.87529 3.26238 -2.97068 -0.288537
8.16667 1.92465 3.30339 1.48081 1.2305
8.2 1.87247 3.33943 -1.56538 1.08112
8.23333 1.82397 3.33887 -1.45504 -0.0168636
8.26667 1.86472 3.32198 1.22249 -0.50674
8.3 1.70143 3.30229 -4.89858 -0.590756
8.33333 1.71919 3.33464 0.532656 0.970493
8.36667 1.70816 3.36776 -0.330861 0.993627
8.4 1.60595 3.28187 -3.06625 -2.57653
8.43333 1.67545 3.31936 2.08502 1.12451
8.46667 1.56754 3.31664 -3.23725 -0.0815059
8.5 1.46185 3.39302 -3.1708 2.29143
8.53333 1.5346 3.35207 2.18242 -1.22864
8.56667 1.49613 3.30944 -1.1539 -1.27888
8.6 1.4735 3.32225 -0.679156 0.384389
8.63333 1.38531 3.29398 -2.64573 -0.847955
8.66667 1.39678 3.45198 0.344357 4.74
8.7 1.3524 3.28183 -1.33148 -5.1045
8.73333 1.28217 3.34661 -2.10699 1.94339
8.76667 1.27738 3.37168 -0.143772 0.75192
8.8 1.24198 3.30802 -1.06184 -1.90975
8.83333 1.25272 3.34204 0.322202 1.02052
8.86667 1.18368 3.2835 -2.0711 -1.75609
8.9 1.10805 3.28417 -2.26896 0.0199329
8.93333 1.07366 3.34005 -1.03177 1.6766
8.96667 1.09791 3.34205 0.727548 0.0599502
9 1.10399 3.34916 0.182436 0.213232
9.03333 0.974015 3.38023 -3.89933 0.932268
9.06667 0.926896 3.27886 -1.4136 -3.04123
9.1 0.970033 3.38045 1.29413 3.0478
9.13333 0.877597 3.35007 -2.77309 -0.911442
9.16667 0.875816 3.4185 -0.0534157 2.05296
9.2 0.845736 3.29806 -0.902417 -3.61324
9.23333 0.810783 3.30834 -1.04859 0.308417
9.26667 0.741962 3.34512 -2.06461 1.10346
9.3 0.744848 3.37784 0.0865635 0.981486
9.33333 0.6328 3.34527 -3.36144 -0.977185
9.36667 0.646845 3.31631 0.421348 -0.868723
9.4 0.574803 3.31017 -2.16124 -0.184231
9.43333 0.54331 3.36158 -0.944797 1.54234
9.46667 0.538329 3.35213 -0.149425 -0.283624
9.5 0.548354 3.25094 0.300735 -3.03568
9.53333 0.509043 3.21449 -1.17934 -1.09331
9.56667 0.444597 3.31342 -1.93337 2.96787
9.6 0.36128 3.38546 -2.4995 2.16098
9.63333 0.35316 3.37109 -0.243617 -0.430923
9.66667 0.354344 3.40975 0.0355165 1.15967
9.7 0.319412 3.33943 -1.04794 -2.10956
9.73333 0.298696 3.36671 -0.621498 0.818525
9.76667 0.241408 3.38155 -1.71862 0.445233
9.8 0.169118 3.32434 -2.1687 -1.71648
9.83333 0.188645 3.34787 0.585804 0.705862
9.86667 0.114688 3.35549 -2.21871 0.228607
9.9 0.116993 3.31916 0.0691529 -1.08984
9.93333 0.130238 3.23638 0.397345 -2.48329
9.96667 0.00474713 3.32434 -3.76473 2.63877
10 0.0212302 3.35465 0.494491 0.909361
10.0333 -0.00343341 3.22905 -0.739907 -3.76797
10.0667 0.0204231 3.28304 0.715695 1.61956
10.1 0.0562776 3.21454 1.07564 -2.05487
10.1333 0.0559038 3.19582 -0.0112136 -0.561576
10.1667 0.0771311 3.23815 0.636817 1.26976
10.2 -0.0936733 3.16428 -5.12413 -2.21616
10.2333 -0.0168302 3.16197 2.30529 -0.0691882
10.2667 0.0113038 3.13348 0.844019 -0.854687
10.3 0.053496 3.10147 1.26577 -0.960424
10.3333 -0.0663464 3.03613 -3.59527 -1.96008
10.3667 0.0121774 2.98966 2.35571 -1.39424
10.4 0.0489171 2.99044 1.10219 0.023581
10.4333 0.0432209 2.92897 -0.170885 -1.84415
10.4667 -0.0536502 2.91784 -2.90613 -0.334017
10.5 0.0544093 2.90532 3.24178 -0.375412
10.5333 0.0227827 2.80436 -0.948799 -3.02891
10.5667 -0.0414823 2.79836 -1.92795 -0.179928
10.6 0.00509584 2.80939 1.39734 0.330884
10.6333 0.0405959 2.77189 1.065 -1.12519
10.6667 0.0206588 2.7876 -0.598113 0.471447
10.7 0.0436955 2.6557 0.6911 -3.95716
10.7333 0.0787933 2.68563 1.05293 0.898067
10.7667 0.0113089 2.56329 -2.02453 -3.67021
10.8 0.0894763 2.53417 2.34502 -0.873756
10.8333 0.0117031 2.57031 -2.3332 1.0842
10.8667 0.00451088 2.52526 -0.215766 -1.35146
10.9 -0.0199912 2.42206 -0.735063 -3.09581
10.9333 -0.0915475 2.43766 -2.14669 0.467916
10.9667 -0.0736729 2.48557 0.536238 1.43717
11 0.00280458 2.35978 2.29432 -3.77367
11.0333 0.0678113 2.244 1.9502 -3.47322
11.0667 0.00186511 2.34925 -1.97838 3.15753
11.1 -0.0227446 2.29782 -0.73829 -1.54304
11.1333 0.0515825 2.21711 2.22981 -2.42119
11.1667 0.0169014 2.104 -1.04043 -3.39325
11.2 1.19733e-05 2.16942 -0.506682 1.96253
11.2333 0.00611677 2.09346 0.183144 -2.27901
11.2667 0.0128818 2.12459 0.202951 0.934097
11.3 -0.0184959 2.08335 -0.941333 -1.23738
11.3333 0.00520122 2.03835 0.710915 -1.34992
11.3667 -0.0297737 2.0515 -1.04925 0.394676
11.4 0.0478582 1.92099 2.32896 -3.91551
11.4333 -0.0235495 1.95726 -2.14223 1.08823
11.4667 -0.027758 1.93362 -0.126257 -0.709268
11.5 0.00148713 1.87088 0.877354 -1.88226
11.5333 -0.0388921 1.77133 -1.21138 -2.98631
11.5667 -0.0131468 1.81591 0.772358 1.33717
11.6 0.0405357 1.73805 1.61047 -2.3358
11.6333 -0.0300742 1.68121 -2.1183 -1.70502
11.6667 -0.0336941 1.6776 -0.108595 -0.108311
11.7 -0.00408083 1.67098 0.888397 -0.198517
11.7333 0.00121371 1.61503 0.158836 -1.67874
11.7667 0.0291411 1.61158 0.837821 -0.103465
11.8 0.0070041 1.54513 -0.664109 -1.99348
11.8333 0.0391462 1.51982 0.964262 -0.759217
11.8667 0.0235792 1.50695 -0.46701 -0.386203
11.9 -0.0439065 1.4531 -2.02457 -1.61548
11.9333 -0.0461753 1.43937 -0.0680636 -0.411743
11.9667 -0.0178468 1.34524 0.849853 -2.82391
12 0.0580446 1.32919 2.27674 -0.481699
12.0333 -0.0343565 1.34063 -2.77203 0.343176
12.0667 0.0258004 1.26919 1.8047 -2.14306
12.1 -0.0490073 1.262 -2.24423 -0.215725
12.1333 0.0120234 1.22609 1.83092 -1.07717
12.1667 6.54344e-05 1.19046 -0.358738 -1.06894
12.2 -0.00405761 1.18542 -0.123691 -0.15131
12.2333 -0.0527163 1.15399 -1.45976 -0.942807
12.2667 0.0148329 1.1106 2.02648 -1.30179
12.3 0.0348252 1.11663 0.599767 0.180987
12.3333 0.00841438 1.024 -0.792323 -2.77893
12.3667 -0.00619464 1.01486 -0.438271 -0.274286
12.4 -0.0332587 0.946592 -0.811923 -2.04796
12.4333 -0.0352693 0.945528 -0.0603181 -0.0319233
12.4667 -0.00811382 0.922938 0.814666 -0.677713
12.5 -0.066012 0.822719 -1.73694 -3.00656
12.5333 0.00612381 0.87122 2.16407 1.45505
12.5667 0.0561922 0.82561 1.50205 -1.36831
12.6 0.0173743 0.765079 -1.16454 -1.81592
12.6333 -0.00413752 0.714433 -0.645353 -1.51938
12.6667 -0.00741929 0.66114 -0.098453 -1.59879
12.7 0.00777952 0.754047 0.455964 2.78721
12.7333 -0.0144414 0.591853 -0.666627 -4.86584
12.7667 -0.0268366 0.569658 -0.371857 -0.665826
12.8 -0.0292251 0.557856 -0.0716554 -0.354065
12.8333 -0.0387371 0.512008 -0.285359 -1.37546
12.8667 -0.0395679 0.435218 -0.0249231 -2.30369
12.9 -0.0938986 0.470571 -1.62992 1.06058
12.9333 -0.0157408 0.3843 2.34473 -2.58812
12.9667 0.0524463 0.423416 2.04561 1.17349
13 0.0353473 0.381449 -0.512969 -1.25901
13.0333 -0.0537074 0.368847 -2.67164 -0.378071
13.0667 -0.0216967 0.326529 0.960319 -1.26952
13.1 0.0457396 0.269879 2.02309 -1.6995
13.1333 -0.0256805 0.249603 -2.1426 -0.608301
13.1667 -0.0165181 0.211916 0.274871 -1.13059
13.2 -0.0509911 0.202469 -1.03419 -0.283436
13.2333 0.000280189 0.158099 1.53814 -1.33108
13.2667 -0.0176058 0.0854329 -0.53658 -2.17999
13.3 -0.0435121 0.0501766 -0.77719 -1.05769
