0 -0.00215144 0.0344034 0.0937894 0.0370379
0.0333333 0.00157937 0.0346067 0.200758 -0.0764969
0.0666667 0.0446642 -0.0168462 0.282012 -0.167528
0.1 0.0874887 -0.00342206 0.360471 -0.122911
0.133333 0.095504 0.0161347 0.332894 -0.0148191
0.166667 0.113478 0.011543 0.324534 0.0761068
0.2 0.123592 -0.0121804 0.245325 0.0198342
0.233333 0.148037 -0.0135717 0.23146 -0.0501325
0.266667 0.189321 -0.0314066 0.33561 -0.0629495
0.3 0.224977 -0.0120718 0.395123 -0.0559371
0.333333 0.267389 -0.00760805 0.504533 -0.055906
0.366667 0.296457 -0.0118384 0.57625 -0.062879
0.4 0.31368 -0.00573316 0.553141 -0.0330186
0.433333 0.348013 -0.00462952 0.665052 -0.112297
0.466667 0.38846 0.00778162 0.737967 -0.0747988
0.5 0.413289 -0.000558142 0.724963 -0.0418669
0.533333 0.462399 0.0100169 0.909154 0.0932241
0.566667 0.515276 0.00940577 0.929165 0.103437
0.6 0.54911 0.0179177 0.917655 0.0916461
0.633333 0.577891 -0.00673553 0.93477 0.0404053
0.666667 0.626775 0.00429174 0.983336 -0.0359532
0.7 0.656974 -0.0176673 0.971711 -0.146108
0.733333 0.665676 -0.00820057 0.773334 0.0236785
0.766667 0.696615 -0.0235961 0.879821 -0.159437
0.8 0.744675 -0.0348421 0.866022 -0.290245
0.833333 0.792745 -0.0310215 0.965548 -0.256705
0.866667 0.832902 -0.0276475 0.888602 -0.185724
0.9 0.874579 -0.030025 0.935856 -0.104168
0.933333 0.88953 -0.0325354 0.878589 -0.0433039
0.966667 0.931609 -0.0195639 0.894997 0.0632835
1 0.951853 -0.0294662 0.913855 0.0782334
1.03333 0.991292 -0.0227463 0.928078 0.0872329
1.06667 1.02579 0.0104396 0.9629 0.286052
1.1 1.05033 0.0250723 0.896591 0.307628
1.13333 1.09146 0.0281972 0.965423 0.235908
1.16667 1.10426 0.0299138 0.917267 0.156688
1.2 1.14441 0.0394954 0.973584 0.0994121
1.23333 1.17965 0.00751298 0.98928 0.038856
1.26667 1.20798 -0.00272361 0.989599 0.0191538
1.3 1.25332 0.00985933 1.05585 0.0660889
1.33333 1.30876 0.03117 1.13282 0.155108
1.36667 1.354 0.0293849 1.14649 0.113154
1.4 1.39722 0.0303865 1.10514 0.233382
1.43333 1.42608 0.00643009 0.955952 0.105476
1.46667 1.45186 0.0281647 0.915969 0.15813
1.5 1.47677 0.0302923 0.832724 0.146837
1.53333 1.50119 0.00958845 0.77824 0.214337
1.56667 1.52905 0.0265118 0.647498 0.255309
1.6 1.55446 0.0334649 0.746767 0.236496
1.63333 1.58731 0.0227646 0.808847 0.201885
1.66667 1.62132 0.0154316 0.831967 0.23683
1.7 1.66261 0.0279033 0.855229 0.267627
1.73333 1.69198 0.0374959 0.938389 0.107526
1.76667 1.73243 0.0296465 0.980612 0.0329268
1.8 1.76676 0.024999 1.01055 -0.06875
1.83333 1.79696 -0.000392031 0.994422 -0.181498
1.86667 1.81628 0.00831063 0.919515 -0.0570897
1.9 1.83553 0.0107456 0.880293 0.0371424
1.93333 1.89031 0.00659863 1.02842 0.0667601
1.96667 1.92113 0.0132266 0.988228 0.116345
2 1.95193 -0.0115757 1.05591 0.0332218
2.03333 1.99456 0.0178563 1.10662 0.29997
2.06667 2.03016 0.0166498 1.09711 0.123374
2.1 2.05753 0.00613681 0.975179 -0.0527632
2.13333 2.09576 0.00346117 1.01469 -0.0284052
2.16667 2.10172 0.00744269 0.949762 0.0846475
2.2 2.13434 -0.0047851 1.05872 0.0976168
2.23333 2.16506 -0.00568939 1.07733 0.251632
2.26667 2.21162 0.00904147 1.1049 0.248305
2.3 2.27519 0.0146819 1.25795 0.253255
2.33333 2.30147 -0.010157 1.09601 0.123312
2.36667 2.33386 -0.00325969 1.12207 0.055844
2.4 2.37291 -0.0118085 1.13669 -0.0428293
2.43333 2.41222 0.00453325 1.11204 0.0849994
2.46667 2.44825 0.0140972 1.03541 0.148162
2.5 2.46913 0.0264791 0.987839 0.146947
2.53333 2.5054 0.0103235 1.12696 0.125854
2.56667 2.55899 0.0144975 1.24907 0.124421
2.6 2.58877 0.00927152 1.15967 -0.0313089
2.63333 2.6119 -8.24697e-05 0.984624 -0.118862
2.66667 2.64144 0.00177931 1.00801 -0.0982527
2.7 2.67818 0.00246654 1.04569 -0.0827461
2.73333 2.70401 -0.00726503 0.946891 -0.0414959
2.76667 2.75841 0.00657544 1.01685 0.0236251
2.8 2.7708 0.0026022 0.751183 -0.0145345
2.83333 2.79311 0.00294072 0.722989 0.0314278
2.86667 2.80785 0.00952993 0.672217 0.0283688
2.9 2.82009 0.00148218 0.528545 0.0661305
2.93333 2.856 0.00185266 0.719593 0.0775325
2.96667 2.88634 -0.00619938 0.734614 0.00100497
3 2.92846 -0.000812804 0.803957 0.0235225
3.03333 2.96314 0.00168301 0.862013 -0.100601
3.06667 2.97932 0.00957493 0.740065 -0.0559544
3.1 3.02216 0.0103479 0.852105 -0.129225
3.13333 3.0782 0.0176776 1.06046 0.0117973
3.16667 3.10802 0.00604199 1.03638 -0.130345
3.2 3.1418 -0.0029239 0.901542 -0.222008
3.23333 3.17105 -0.00178793 0.850267 -0.141644
3.26667 3.19795 -0.0146736 0.91201 -0.0939201
3.3 3.22409 -0.0286086 0.900848 0.00729364
3.33333 3.26086 -0.0167092 0.999874 0.0260865
3.36667 3.31735 -0.00371886 1.00563 0.0616679
3.4 3.35898 0.00562525 0.937906 0.230919
3.43333 3.36073 0.0278285 0.803963 0.336929
3.46667 3.34947 0.0493365 0.701422 0.388653
3.5 3.37259 0.0826712 0.632384 0.401708
3.53333 3.38873 0.11276 0.535888 0.533983
3.56667 3.38381 0.143696 0.579252 0.489089
3.6 3.36701 0.178173 0.379788 0.641568
3.63333 3.38848 0.23187 0.433495 0.76333
3.66667 3.40052 0.244773 0.55033 0.741276
3.7 3.39496 0.282638 0.416043 0.748296
3.73333 3.38524 0.317189 0.292428 0.810354
3.76667 3.38867 0.383171 0.249325 0.963612
3.8 3.37613 0.42456 0.258245 0.975028
3.83333 3.38654 0.447405 0.193865 1.06008
3.86667 3.3832 0.484303 0.286872 1.14953
3.9 3.37429 0.517335 0.238287 1.19392
3.93333 3.35981 0.547452 0.0551311 1.07042
3.96667 3.32812 0.574961 -0.149219 1.08409
4 3.32974 0.620772 -0.061883 1.05213
4.03333 3.33084 0.660137 -0.0725603 1.05266
4.06667 3.32089 0.711097 -0.139923 1.13279
4.1 3.32728 0.741 -0.121533 1.16297
4.13333 3.31683 0.780042 -0.183847 1.12367
4.16667 3.31052 0.804532 -0.13857 1.002
4.2 3.32056 0.823702 -0.0557899 0.842515
4.23333 3.30926 0.839066 -0.171112 0.79862
4.26667 3.34669 0.87396 -0.0620118 0.920309
4.3 3.34535 0.907555 -0.110844 0.866293
4.33333 3.31004 0.947821 -0.304559 0.914399
4.36667 3.29088 0.967494 -0.374728 0.755716
4.4 3.28302 0.998575 -0.375443 0.725626
4.43333 3.27955 1.02501 -0.362949 0.801668
4.46667 3.28385 1.07043 -0.239443 0.93527
4.5 3.2878 1.11364 -0.124208 1.02359
4.53333 3.29158 1.16361 -0.121782 1.12379
4.56667 3.29661 1.20301 -0.137526 1.05864
4.6 3.2958 1.24633 -0.212604 1.22308
4.63333 3.32597 1.27186 0.000614355 1.06872
4.66667 3.3244 1.32496 -0.0394249 1.09854
4.7 3.34519 1.35744 0.0728351 1.09714
4.73333 3.32836 1.38579 0.177884 0.972612
4.76667 3.34506 1.40706 0.130707 0.780885
4.8 3.35007 1.42898 0.177241 0.63942
4.83333 3.34559 1.43985 0.174151 0.697878
4.86667 3.34204 1.46363 0.222264 0.566922
4.9 3.34415 1.50835 0.142797 0.667845
4.93333 3.33884 1.55481 0.0288297 0.750549
4.96667 3.3412 1.59569 -0.0562634 0.823581
5 3.33101 1.62983 -0.178521 0.82272
5.03333 3.33834 1.65633 -0.0864327 0.83992
5.06667 3.33124 1.69054 -0.0908722 0.791355
5.1 3.34989 1.71587 -0.0176258 0.900096
5.13333 3.34884 1.74954 0.0122532 0.950246
5.16667 3.33198 1.79022 -0.107594 1.02777
5.2 3.34443 1.83483 -0.0873498 1.11162
5.23333 3.34056 1.87948 -0.0635405 1.09636
5.26667 3.34871 1.9241 -0.0288871 1.125
5.3 3.34274 1.95394 -0.0652579 1.12385
5.33333 3.32853 1.98378 -0.16243 1.15202
5.36667 3.34518 2.02009 0.000521724 1.1433
5.4 3.34222 2.04954 0.00384559 1.08438
5.43333 3.35434 2.08861 0.169434 1.02174
5.46667 3.36032 2.13359 0.167656 1.09197
5.5 3.36807 2.16348 0.202824 1.15096
5.53333 3.3818 2.19541 0.166886 1.10132
5.56667 3.39179 2.21791 0.227491 1.06041
5.6 3.38942 2.23394 0.186784 0.983318
5.63333 3.36681 2.25687 0.063857 0.982976
5.66667 3.36035 2.3036 -0.00232206 1.07432
5.7 3.36047 2.34307 0.0749896 1.02651
5.73333 3.36605 2.38913 0.161004 1.12672
5.76667 3.35293 2.41071 0.0791382 1.01773
5.8 3.35618 2.43171 0.0562845 0.947158
5.83333 3.35394 2.45689 0.0969396 0.89666
5.86667 3.35397 2.48308 0.0921945 0.944888
5.9 3.35451 2.51575 0.140117 0.881344
5.93333 3.34881 2.56256 0.0714252 0.946626
5.96667 3.34457 2.58117 -0.00206395 0.95375
6 3.34306 2.61583 -0.00158911 1.00594
6.03333 3.34511 2.6555 0.0458842 1.03512
6.06667 3.34676 2.70524 -0.0160596 0.992893
6.1 3.35221 2.74154 -0.165431 1.01079
6.13333 3.31436 2.79184 -0.32452 1.14749
6.16667 3.31648 2.81159 -0.15967 0.998893
6.2 3.3437 2.8435 0.0438112 1.05889
6.23333 3.33691 2.87629 -0.0553278 0.956851
6.26667 3.33086 2.90951 -0.0108501 0.984522
6.3 3.31857 2.93717 0.0218085 1.01822
6.33333 3.30795 2.97031 -0.0850389 1.01071
6.36667 3.30081 3.02108 -0.181753 1.08843
6.4 3.2913 3.04999 -0.214935 1.05116
6.43333 3.30067 3.05821 -0.164674 0.967274
6.46667 3.29432 3.07132 -0.262627 0.911259
6.5 3.2966 3.09454 -0.237246 0.829972
6.53333 3.2931 3.13868 -0.160147 0.952112
6.56667 3.31476 3.18666 -0.0833337 1.03821
6.6 3.33051 3.23513 0.0961424 1.08506
6.63333 3.3384 3.28015 0.1845 1.10419
6.66667 3.35245 3.32421 0.211712 1.18426
6.7 3.36315 3.3316 0.0514612 0.987405
6.73333 3.3413 3.32671 -0.148529 0.730621
6.76667 3.32598 3.35401 -0.337616 0.762466
6.8 3.28443 3.37399 -0.53256 0.538346
6.83333 3.25175 3.37369 -0.646688 0.484195
6.86667 3.23364 3.39513 -0.605277 0.628031
6.9 3.19401 3.3914 -0.692501 0.377832
6.93333 3.13021 3.36844 -0.897776 0.1558
6.96667 3.07426 3.3731 -1.00759 0.208625
7 3.02897 3.37112 -1.1511 0.0419978
7.03333 2.99028 3.37388 -1.06263 0.121582
7.06667 2.9627 3.35602 -1.07599 -0.0147769
7.1 2.93033 3.33393 -0.980514 -0.170509
7.13333 2.88852 3.3368 -0.967871 -0.119586
7.16667 2.84737 3.32704 -0.991531 -0.0154394
7.2 2.81993 3.31489 -0.969266 -0.133273
7.23333 2.774 3.31373 -1.10551 -0.17198
7.26667 2.74864 3.31247 -1.02132 -0.179627
7.3 2.72455 3.29742 -1.06748 -0.212188
7.33333 2.68217 3.30383 -1.25067 -0.099597
7.36667 2.65097 3.30319 -1.24558 0.0566194
7.4 2.6305 3.31104 -1.09081 0.168097
7.43333 2.59731 3.31831 -1.11483 0.215249
7.46667 2.56795 3.33114 -1.1295 0.198225
7.5 2.51846 3.32449 -1.0981 0.169993
7.53333 2.4866 3.32762 -1.01206 0.301324
7.56667 2.4617 3.3287 -0.858252 0.278917
7.6 2.41743 3.34376 -0.970994 0.332882
7.63333 2.40211 3.3343 -0.819628 0.216335
7.66667 2.37885 3.33737 -0.857688 0.120048
7.7 2.32907 3.3242 -1.08196 -0.0648849
7.73333 2.29798 3.31495 -1.104 -0.0178104
7.76667 2.27308 3.31105 -0.962438 -0.0378133
7.8 2.24219 3.30716 -0.96514 -0.0257454
7.83333 2.20422 3.32204 -1.05629 0.0276409
7.86667 2.15346 3.31478 -1.16839 0.0295483
7.9 2.12639 3.34784 -1.01458 0.287067
7.93333 2.11389 3.35266 -0.952969 0.244887
7.96667 2.05976 3.35105 -1.14198 0.29603
8 2.02751 3.35208 -1.00338 0.248401
8.03333 1.99449 3.35455 -0.976144 0.219182
8.06667 1.97177 3.34113 -0.922669 0.207347
8.1 1.95047 3.32644 -0.832563 0.113342
8.13333 1.90925 3.31095 -0.815224 0.119401
8.16667 1.89417 3.31165 -0.740927 0.0942752
8.2 1.87032 3.32179 -0.676722 0.048263
8.23333 1.84101 3.3278 -0.546479 0.103147
8.26667 1.8347 3.32861 -0.471929 0.0549181
8.3 1.78559 3.32244 -0.636694 -0.0171433
8.33333 1.75153 3.3255 -0.740075 0.0866693
8.36667 1.72155 3.33957 -0.789603 0.0485693
8.4 1.66987 3.32434 -0.919257 0.00308027
8.43333 1.64952 3.323 -0.848619 -0.0205012
8.46667 1.60598 3.3207 -0.912268 -0.121177
8.5 1.54328 3.33835 -1.04555 0.0543308
8.53333 1.51586 3.34354 -1.0297 -0.0372676
8.56667 1.48568 3.33297 -0.86056 -0.0545509
8.6 1.46168 3.32862 -0.833133 -0.0760525
8.63333 1.42011 3.31697 -0.93299 -0.139609
8.66667 1.39122 3.35198 -1.03097 0.0889457
8.7 1.35559 3.33418 -0.973596 0.0122428
8.73333 1.3115 3.33801 -0.907945 0.0235009
8.76667 1.28014 3.34813 -0.831669 0.101157
8.8 1.24945 3.33915 -0.776574 -0.000510529
8.83333 1.23185 3.33996 -0.76161 0.0175281
8.86667 1.19999 3.32434 -0.795753 -0.0735006
8.9 1.15489 3.31118 -0.787798 -0.129166
8.93333 1.11302 3.3163 -0.925353 0.00182743
8.96667 1.08664 3.32365 -0.770446 -0.000788885
9 1.07318 3.33088 -0.647494 -0.00844562
9.03333 1.02956 3.34469 -0.705609 0.159857
9.06667 0.983564 3.32981 -0.790607 -0.0516624
9.1 0.960853 3.34296 -0.875042 0.0176479
9.13333 0.916323 3.3454 -0.917175 0.0882297
9.16667 0.882929 3.36827 -0.946286 0.156815
9.2 0.849781 3.35207 -0.985439 0.0747033
9.23333 0.815186 3.34143 -0.914808 -0.0330771
9.26667 0.772557 3.34169 -0.894239 0.000325372
9.3 0.743345 3.35197 -0.867242 0.0214981
9.33333 0.69125 3.35058 -0.935188 -0.0262393
9.36667 0.656319 3.34022 -0.876875 -0.0866895
9.4 0.61224 3.32962 -0.93418 -0.0520254
9.43333 0.570367 3.33745 -0.836823 0.00167525
9.46667 0.541296 3.34166 -0.844273 -0.0802676
9.5 0.523151 3.31398 -0.84813 -0.278496
9.53333 0.498903 3.27908 -0.761136 -0.468831
9.56667 0.465314 3.27764 -0.84567 -0.333502
9.6 0.415583 3.3003 -1.04914 -0.112623
9.63333 0.372815 3.31772 -1.06844 -0.0592386
9.66667 0.342069 3.34244 -1.04434 0.123574
9.7 0.31071 3.34454 -0.996301 0.040189
9.73333 0.28352 3.35179 -0.949089 0.12796
9.76667 0.248908 3.3633 -0.986452 0.191101
9.8 0.202704 3.35679 -1.14879 0.130384
9.83333 0.171294 3.35737 -1.10892 0.20399
9.86667 0.128751 3.3617 -1.10548 0.236199
9.9 0.0990282 3.35526 -1.09776 0.208227
9.93333 0.0816932 3.32646 -0.987316 0.147861
9.96667 0.0362758 3.32939 -1.02246 0.123336
10 0.00760043 3.33951 -0.949083 0.221819
10.0333 -0.0181843 3.31343 -0.833098 0.0671421
10.0667 -0.0271019 3.3064 -0.66258 -0.0657667
10.1 -0.0192338 3.27874 -0.46028 -0.175927
10.1333 -0.00887843 3.25099 -0.333671 -0.311498
10.1667 0.00758637 3.23991 -0.296369 -0.164837
10.2 -0.0282463 3.2145 -0.389287 -0.230259
10.2333 -0.0342947 3.19408 -0.417851 -0.210477
10.2667 -0.0313164 3.17185 -0.281804 -0.369176
10.3 -0.0139537 3.14305 -0.14981 -0.37537
10.3333 -0.0324095 3.10372 -0.139591 -0.478053
10.3667 -0.0230775 3.05992 -0.208028 -0.655611
10.4 -0.0075946 3.02454 -0.0488074 -0.734898
10.4333 0.00567306 2.97986 0.0916705 -0.832883
10.4667 -0.00898799 2.94236 -0.0626103 -0.798409
10.5 0.00752372 2.91279 0.0676324 -0.81433
10.5333 0.0134717 2.86256 0.170962 -0.875325
10.5667 0.00194395 2.82344 0.0972551 -1.02013
10.6 0.00516024 2.7951 0.0318673 -0.951047
10.6333 0.0159852 2.76581 0.0247132 -0.975432
10.6667 0.0179024 2.74872 0.0496265 -0.8843
10.7 0.0264125 2.70119 0.09682 -1.05633
10.7333 0.0436003 2.67156 0.108572 -0.99724
10.7667 0.0370202 2.61701 0.0860475 -1.11857
10.8 0.0539723 2.56679 0.177564 -1.24021
10.8333 0.0462048 2.53819 0.102353 -1.24362
10.8667 0.0368057 2.50483 0.0588467 -1.25496
10.9 0.0220788 2.45137 -0.0742077 -1.30618
10.9333 -0.0119641 2.41631 -0.312652 -1.21467
10.9667 -0.0369523 2.40699 -0.303224 -1.11267
11 -0.0328974 2.36702 -0.229927 -1.07349
11.0333 -0.00978179 2.30646 -0.122171 -1.26474
11.0667 -0.00938961 2.28843 -0.0551025 -1.10883
11.1 -0.0144977 2.26464 -0.0925731 -1.19619
11.1333 0.00206088 2.22259 -0.0928499 -1.25845
11.1667 0.00405988 2.15888 -0.00638105 -1.34573
11.2 0.00275791 2.12975 -0.00370852 -1.26442
11.2333 0.00362338 2.08927 0.066448 -1.29735
11.2667 0.00783879 2.06834 0.231683 -1.13853
11.3 0.00588862 2.04543 0.110431 -1.11606
11.3333 0.00832895 2.01678 0.17211 -1.28628
11.3667 0.00161471 1.99594 0.128257 -1.22349
11.4 0.0178097 1.94546 0.255915 -1.21935
11.4333 0.0121706 1.91971 0.265308 -1.16143
11.4667 0.00716204 1.89594 0.193906 -1.09122
11.5 0.010178 1.86278 0.068368 -1.08725
11.5333 -0.00212708 1.81086 0.0169086 -1.18197
11.5667 -0.00485334 1.78408 -0.117554 -1.14087
11.6 0.0052324 1.74378 -0.0961559 -1.21915
11.6333 -0.00709018 1.69691 -0.248891 -1.42738
11.6667 -0.0205862 1.65736 -0.162922 -1.3902
11.7 -0.0197867 1.62805 -0.082835 -1.32842
11.7333 -0.0157992 1.59265 -0.12898 -1.38164
11.7667 -0.00611358 1.56505 -0.0797339 -1.24258
11.8 -0.00429086 1.52974 -0.0156464 -1.11005
11.8333 0.00767262 1.50043 0.0105047 -1.13924
11.8667 0.0124411 1.47509 0.104897 -1.00982
11.9 -0.00105917 1.44474 0.042892 -0.993092
11.9333 -0.0128493 1.41952 0.0203218 -0.998829
11.9667 -0.0137837 1.37458 0.104616 -0.989423
12 0.00911361 1.33808 0.307236 -1.00902
12.0333 0.00409983 1.31472 0.141756 -0.974014
12.0667 0.0136463 1.27854 0.0600721 -1.02551
12.1 -0.00271474 1.24937 -0.131201 -0.962331
12.1333 -0.00166011 1.21979 -0.217387 -0.827909
12.1667 -0.0063582 1.1917 -0.197906 -0.821439
12.2 -0.010428 1.17031 -0.342255 -0.762536
12.2333 -0.0306069 1.14748 -0.393748 -0.851336
12.2667 -0.0270984 1.11669 -0.246255 -0.858489
12.3 -0.0153882 1.09618 -0.0954672 -0.825385
12.3333 -0.0109062 1.05598 -0.0605382 -0.891417
12.3667 -0.0110129 1.02303 -0.154169 -0.949575
12.4 -0.0210105 0.978656 -0.232135 -1.06437
12.4333 -0.0306004 0.943845 -0.193296 -1.07562
12.4667 -0.0288271 0.912236 -0.0633952 -1.02806
12.5 -0.0409012 0.862276 0.0584675 -1.15419
12.5333 -0.0261499 0.83727 0.153843 -0.991607
12.5667 0.00090836 0.810293 0.299692 -0.929993
12.6 0.0127374 0.775256 0.376262 -0.840225
12.6333 0.0169245 0.737928 0.426323 -0.885251
12.6667 0.0201851 0.694992 0.402429 -0.94913
12.7 0.0262661 0.689113 0.345528 -0.723357
12.7333 0.0229508 0.644225 0.30355 -0.912402
12.7667 0.0160549 0.601272 0.228381 -0.927477
12.8 0.00864508 0.566806 0.171243 -0.909717
12.8333 -0.00072542 0.529531 0.162364 -0.98006
12.8667 -0.00788239 0.479354 0.0387153 -1.07361
12.9 -0.0313885 0.451237 -0.135042 -0.941286
12.9333 -0.0301672 0.409761 -0.162988 -0.937468
12.9667 -0.0105934 0.391265 0.0769344 -0.974496
13 0.00429071 0.36522 0.207478 -0.845107
13.0333 -0.0072301 0.346081 0.147012 -0.723393
13.0667 -0.00783028 0.323263 0.100757 -0.705317
13.1 0.0097892 0.291268 0.0871346 -0.74299
13.1333 0.00179475 0.261702 -0.0616616 -0.819282
13.1667 -0.00487805 0.228009 -0.128999 -0.753477
13.2 -0.0210537 0.202773 -0.199824 -0.718449
13.2333 -0.0197635 0.172938 -0.173154 -0.799942
13.2667 -0.0232832 0.128994 -0.181046 -0.96575
13.3 -0.0333494 0.0835595 -0.278305 -0.949123
