0 0.0333333 0 1 0
0.0333333 0.0666667 0 1 0
0.0666667 0.1 0 1 0
0.1 0.133333 0 1 0
0.133333 0.166667 0 1 0
0.166667 0.2 0 1 0
0.2 0.233333 0 1 0
0.233333 0.266667 0 1 0
0.266667 0.3 0 1 0
0.3 0.333333 0 1 0
0.333333 0.366667 0 1 0
0.366667 0.4 0 1 0
0.4 0.433333 0 1 0
0.433333 0.466667 0 1 0
0.466667 0.5 0 1 0
0.5 0.533333 0 1 0
0.533333 0.566667 0 1 0
0.566667 0.6 0 1 0
0.6 0.633333 0 1 0
0.633333 0.666667 0 1 0
0.666667 0.7 0 1 0
0.7 0.733333 0 1 0
0.733333 0.766667 0 1 0
0.766667 0.8 0 1 0
0.8 0.833333 0 1 0
0.833333 0.866667 0 1 0
0.866667 0.9 0 1 0
0.9 0.933333 0 1 0
0.933333 0.966667 0 1 0
0.966667 1 0 1 0
1 1.03333 0 1 0
1.03333 1.06667 0 1 0
1.06667 1.1 0 1 0
1.1 1.13333 0 1 0
1.13333 1.16667 0 1 0
1.16667 1.2 0 1 0
1.2 1.23333 0 1 0
1.23333 1.26667 0 1 0
1.26667 1.3 0 1 0
1.3 1.33333 0 1 0
1.33333 1.36667 0 1 0
1.36667 1.4 0 1 0
1.4 1.43333 0 1 0
1.43333 1.46667 0 1 0
1.46667 1.5 0 1 0
1.5 1.53333 0 1 0
1.53333 1.56667 0 1 0
1.56667 1.6 0 1 0
1.6 1.63333 0 1 0
1.63333 1.66667 0 1 0
1.66667 1.7 0 1 0
1.7 1.73333 0 1 0
1.73333 1.76667 0 1 0
1.76667 1.8 0 1 0
1.8 1.83333 0 1 0
1.83333 1.86667 0 1 0
1.86667 1.9 0 1 0
1.9 1.93333 0 1 0
1.93333 1.96667 0 1 0
1.96667 2 0 1 0
2 2.03333 0 1 0
2.03333 2.06667 0 1 0
2.06667 2.1 0 1 0
2.1 2.13333 0 1 0
2.13333 2.16667 0 1 0
2.16667 2.2 0 1 0
2.2 2.23333 0 1 0
2.23333 2.26667 0 1 0
2.26667 2.3 0 1 0
2.3 2.33333 0 1 0
2.33333 2.36667 0 1 0
2.36667 2.4 0 1 0
2.4 2.43333 0 1 0
2.43333 2.46667 0 1 0
2.46667 2.5 0 1 0
2.5 2.53333 0 1 0
2.53333 2.56667 0 1 0
2.56667 2.6 0 1 0
2.6 2.63333 0 1 0
2.63333 2.66667 0 1 0
2.66667 2.7 0 1 0
2.7 2.73333 0 1 0
2.73333 2.76667 0 1 0
2.76667 2.8 0 1 0
2.8 2.83333 0 1 0
2.83333 2.86667 0 1 0
2.86667 2.9 0 1 0
2.9 2.93333 0 1 0
2.93333 2.96667 0 1 0
2.96667 3 0 1 0
3 3.03333 0 1 0
3.03333 3.06667 0 1 0
3.06667 3.1 0 1 0
3.1 3.13333 0 1 0
3.13333 3.16667 0 1 0
3.16667 3.2 0 1 0
3.2 3.23333 0 1 0
3.23333 3.26667 0 1 0
3.26667 3.3 0 1 0
3.3 3.33333 0 1 0
3.33333 3.33333 0.0333333 0 1
3.36667 3.33333 0.0666667 0 1
3.4 3.33333 0.1 0 1
3.43333 3.33333 0.133333 0 1
3.46667 3.33333 0.166667 0 1
3.5 3.33333 0.2 0 1
3.53333 3.33333 0.233333 0 1
3.56667 3.33333 0.266667 0 1
3.6 3.33333 0.3 0 1
3.63333 3.33333 0.333333 0 1
3.66667 3.33333 0.366667 0 1
3.7 3.33333 0.4 0 1
3.73333 3.33333 0.433333 0 1
3.76667 3.33333 0.466667 0 1
3.8 3.33333 0.5 0 1
3.83333 3.33333 0.533333 0 1
3.86667 3.33333 0.566667 0 1
3.9 3.33333 0.6 0 1
3.93333 3.33333 0.633333 0 1
3.96667 3.33333 0.666667 0 1
4 3.33333 0.7 0 1
4.03333 3.33333 0.733333 0 1
4.06667 3.33333 0.766667 0 1
4.1 3.33333 0.8 0 1
4.13333 3.33333 0.833333 0 1
4.16667 3.33333 0.866667 0 1
4.2 3.33333 0.9 0 1
4.23333 3.33333 0.933333 0 1
4.26667 3.33333 0.966667 0 1
4.3 3.33333 1 0 1
4.33333 3.33333 1.03333 0 1
4.36667 3.33333 1.06667 0 1
4.4 3.33333 1.1 0 1
4.43333 3.33333 1.13333 0 1
4.46667 3.33333 1.16667 0 1
4.5 3.33333 1.2 0 1
4.53333 3.33333 1.23333 0 1
4.56667 3.33333 1.26667 0 1
4.6 3.33333 1.3 0 1
4.63333 3.33333 1.33333 0 1
4.66667 3.33333 1.36667 0 1
4.7 3.33333 1.4 0 1
4.73333 3.33333 1.43333 0 1
4.76667 3.33333 1.46667 0 1
4.8 3.33333 1.5 0 1
4.83333 3.33333 1.53333 0 1
4.86667 3.33333 1.56667 0 1
4.9 3.33333 1.6 0 1
4.93333 3.33333 1.63333 0 1
4.96667 3.33333 1.66667 0 1
5 3.33333 1.7 0 1
5.03333 3.33333 1.73333 0 1
5.06667 3.33333 1.76667 0 1
5.1 3.33333 1.8 0 1
5.13333 3.33333 1.83333 0 1
5.16667 3.33333 1.86667 0 1
5.2 3.33333 1.9 0 1
5.23333 3.33333 1.93333 0 1
5.26667 3.33333 1.96667 0 1
5.3 3.33333 2 0 1
5.33333 3.33333 2.03333 0 1
5.36667 3.33333 2.06667 0 1
5.4 3.33333 2.1 0 1
5.43333 3.33333 2.13333 0 1
5.46667 3.33333 2.16667 0 1
5.5 3.33333 2.2 0 1
5.53333 3.33333 2.23333 0 1
5.56667 3.33333 2.26667 0 1
5.6 3.33333 2.3 0 1
5.63333 3.33333 2.33333 0 1
5.66667 3.33333 2.36667 0 1
5.7 3.33333 2.4 0 1
5.73333 3.33333 2.43333 0 1
5.76667 3.33333 2.46667 0 1
5.8 3.33333 2.5 0 1
5.83333 3.33333 2.53333 0 1
5.86667 3.33333 2.56667 0 1
5.9 3.33333 2.6 0 1
5.93333 3.33333 2.63333 0 1
5.96667 3.33333 2.66667 0 1
6 3.33333 2.7 0 1
6.03333 3.33333 2.73333 0 1
6.06667 3.33333 2.76667 0 1
6.1 3.33333 2.8 0 1
6.13333 3.33333 2.83333 0 1
6.16667 3.33333 2.86667 0 1
6.2 3.33333 2.9 0 1
6.23333 3.33333 2.93333 0 1
6.26667 3.33333 2.96667 0 1
6.3 3.33333 3 0 1
6.33333 3.33333 3.03333 0 1
6.36667 3.33333 3.06667 0 1
6.4 3.33333 3.1 0 1
6.43333 3.33333 3.13333 0 1
6.46667 3.33333 3.16667 0 1
6.5 3.33333 3.2 0 1
6.53333 3.33333 3.23333 0 1
6.56667 3.33333 3.26667 0 1
6.6 3.33333 3.3 0 1
6.63333 3.33333 3.33333 0 1
6.66667 3.3 3.33333 -1 0
6.7 3.26667 3.33333 -1 0
6.73333 3.23333 3.33333 -1 0
6.76667 3.2 3.33333 -1 0
6.8 3.16667 3.33333 -1 0
6.83333 3.13333 3.33333 -1 0
6.86667 3.1 3.33333 -1 0
6.9 3.06667 3.33333 -1 0
6.93333 3.03333 3.33333 -1 0
6.96667 3 3.33333 -1 0
7 2.96667 3.33333 -1 0
7.03333 2.93333 3.33333 -1 0
7.06667 2.9 3.33333 -1 0
7.1 2.86667 3.33333 -1 0
7.13333 2.83333 3.33333 -1 0
7.16667 2.8 3.33333 -1 0
7.2 2.76667 3.33333 -1 0
7.23333 2.73333 3.33333 -1 0
7.26667 2.7 3.33333 -1 0
7.3 2.66667 3.33333 -1 0
7.33333 2.63333 3.33333 -1 0
7.36667 2.6 3.33333 -1 0
7.4 2.56667 3.33333 -1 0
7.43333 2.53333 3.33333 -1 0
7.46667 2.5 3.33333 -1 0
7.5 2.46667 3.33333 -1 0
7.53333 2.43333 3.33333 -1 0
7.56667 2.4 3.33333 -1 0
7.6 2.36667 3.33333 -1 0
7.63333 2.33333 3.33333 -1 0
7.66667 2.3 3.33333 -1 0
7.7 2.26667 3.33333 -1 0
7.73333 2.23333 3.33333 -1 0
7.76667 2.2 3.33333 -1 0
7.8 2.16667 3.33333 -1 0
7.83333 2.13333 3.33333 -1 0
7.86667 2.1 3.33333 -1 0
7.9 2.06667 3.33333 -1 0
7.93333 2.03333 3.33333 -1 0
7.96667 2 3.33333 -1 0
8 1.96667 3.33333 -1 0
8.03333 1.93333 3.33333 -1 0
8.06667 1.9 3.33333 -1 0
8.1 1.86667 3.33333 -1 0
8.13333 1.83333 3.33333 -1 0
8.16667 1.8 3.33333 -1 0
8.2 1.76667 3.33333 -1 0
8.23333 1.73333 3.33333 -1 0
8.26667 1.7 3.33333 -1 0
8.3 1.66667 3.33333 -1 0
8.33333 1.63333 3.33333 -1 0
8.36667 1.6 3.33333 -1 0
8.4 1.56667 3.33333 -1 0
8.43333 1.53333 3.33333 -1 0
8.46667 1.5 3.33333 -1 0
8.5 1.46667 3.33333 -1 0
8.53333 1.43333 3.33333 -1 0
8.56667 1.4 3.33333 -1 0
8.6 1.36667 3.33333 -1 0
8.63333 1.33333 3.33333 -1 0
8.66667 1.3 3.33333 -1 0
8.7 1.26667 3.33333 -1 0
8.73333 1.23333 3.33333 -1 0
8.76667 1.2 3.33333 -1 0
8.8 1.16667 3.33333 -1 0
8.83333 1.13333 3.33333 -1 0
8.86667 1.1 3.33333 -1 0
8.9 1.06667 3.33333 -1 0
8.93333 1.03333 3.33333 -1 0
8.96667 1 3.33333 -1 0
9 0.966667 3.33333 -1 0
9.03333 0.933333 3.33333 -1 0
9.06667 0.9 3.33333 -1 0
9.1 0.866667 3.33333 -1 0
9.13333 0.833333 3.33333 -1 0
9.16667 0.8 3.33333 -1 0
9.2 0.766667 3.33333 -1 0
9.23333 0.733333 3.33333 -1 0
9.26667 0.7 3.33333 -1 0
9.3 0.666667 3.33333 -1 0
9.33333 0.633333 3.33333 -1 0
9.36667 0.6 3.33333 -1 0
9.4 0.566667 3.33333 -1 0
9.43333 0.533333 3.33333 -1 0
9.46667 0.5 3.33333 -1 0
9.5 0.466667 3.33333 -1 0
9.53333 0.433333 3.33333 -1 0
9.56667 0.4 3.33333 -1 0
9.6 0.366667 3.33333 -1 0
9.63333 0.333333 3.33333 -1 0
9.66667 0.3 3.33333 -1 0
9.7 0.266667 3.33333 -1 0
9.73333 0.233333 3.33333 -1 0
9.76667 0.2 3.33333 -1 0
9.8 0.166667 3.33333 -1 0
9.83333 0.133333 3.33333 -1 0
9.86667 0.1 3.33333 -1 0
9.9 0.0666667 3.33333 -1 0
9.93333 0.0333333 3.33333 -1 0
9.96667 -1.249e-16 3.33333 -1 0
10 -1.249e-16 3.3 0 -1
10.0333 -1.249e-16 3.26667 0 -1
10.0667 -1.249e-16 3.23333 0 -1
10.1 -1.249e-16 3.2 0 -1
10.1333 -1.249e-16 3.16667 0 -1
10.1667 -1.249e-16 3.13333 0 -1
10.2 -1.249e-16 3.1 0 -1
10.2333 -1.249e-16 3.06667 0 -1
10.2667 -1.249e-16 3.03333 0 -1
10.3 -1.249e-16 3 0 -1
10.3333 -1.249e-16 2.96667 0 -1
10.3667 -1.249e-16 2.93333 0 -1
10.4 -1.249e-16 2.9 0 -1
10.4333 -1.249e-16 2.86667 0 -1
10.4667 -1.249e-16 2.83333 0 -1
10.5 -1.249e-16 2.8 0 -1
10.5333 -1.249e-16 2.76667 0 -1
10.5667 -1.249e-16 2.73333 0 -1
10.6 -1.249e-16 2.7 0 -1
10.6333 -1.249e-16 2.66667 0 -1
10.6667 -1.249e-16 2.63333 0 -1
10.7 -1.249e-16 2.6 0 -1
10.7333 -1.249e-16 2.56667 0 -1
10.7667 -1.249e-16 2.53333 0 -1
10.8 -1.249e-16 2.5 0 -1
10.8333 -1.249e-16 2.46667 0 -1
10.8667 -1.249e-16 2.43333 0 -1
10.9 -1.249e-16 2.4 0 -1
10.9333 -1.249e-16 2.36667 0 -1
10.9667 -1.249e-16 2.33333 0 -1
11 -1.249e-16 2.3 0 -1
11.0333 -1.249e-16 2.26667 0 -1
11.0667 -1.249e-16 2.23333 0 -1
11.1 -1.249e-16 2.2 0 -1
11.1333 -1.249e-16 2.16667 0 -1
11.1667 -1.249e-16 2.13333 0 -1
11.2 -1.249e-16 2.1 0 -1
11.2333 -1.249e-16 2.06667 0 -1
11.2667 -1.249e-16 2.03333 0 -1
11.3 -1.249e-16 2 0 -1
11.3333 -1.249e-16 1.96667 0 -1
11.3667 -1.249e-16 1.93333 0 -1
11.4 -1.249e-16 1.9 0 -1
11.4333 -1.249e-16 1.86667 0 -1
11.4667 -1.249e-16 1.83333 0 -1
11.5 -1.249e-16 1.8 0 -1
11.5333 -1.249e-16 1.76667 0 -1
11.5667 -1.249e-16 1.73333 0 -1
11.6 -1.249e-16 1.7 0 -1
11.6333 -1.249e-16 1.66667 0 -1
11.6667 -1.249e-16 1.63333 0 -1
11.7 -1.249e-16 1.6 0 -1
11.7333 -1.249e-16 1.56667 0 -1
11.7667 -1.249e-16 1.53333 0 -1
11.8 -1.249e-16 1.5 0 -1
11.8333 -1.249e-16 1.46667 0 -1
11.8667 -1.249e-16 1.43333 0 -1
11.9 -1.249e-16 1.4 0 -1
11.9333 -1.249e-16 1.36667 0 -1
11.9667 -1.249e-16 1.33333 0 -1
12 -1.249e-16 1.3 0 -1
12.0333 -1.249e-16 1.26667 0 -1
12.0667 -1.249e-16 1.23333 0 -1
12.1 -1.249e-16 1.2 0 -1
12.1333 -1.249e-16 1.16667 0 -1
12.1667 -1.249e-16 1.13333 0 -1
12.2 -1.249e-16 1.1 0 -1
12.2333 -1.249e-16 1.06667 0 -1
12.2667 -1.249e-16 1.03333 0 -1
12.3 -1.249e-16 1 0 -1
12.3333 -1.249e-16 0.966667 0 -1
12.3667 -1.249e-16 0.933333 0 -1
12.4 -1.249e-16 0.9 0 -1
12.4333 -1.249e-16 0.866667 0 -1
12.4667 -1.249e-16 0.833333 0 -1
12.5 -1.249e-16 0.8 0 -1
12.5333 -1.249e-16 0.766667 0 -1
12.5667 -1.249e-16 0.733333 0 -1
12.6 -1.249e-16 0.7 0 -1
12.6333 -1.249e-16 0.666667 0 -1
12.6667 -1.249e-16 0.633333 0 -1
12.7 -1.249e-16 0.6 0 -1
12.7333 -1.249e-16 0.566667 0 -1
12.7667 -1.249e-16 0.533333 0 -1
12.8 -1.249e-16 0.5 0 -1
12.8333 -1.249e-16 0.466667 0 -1
12.8667 -1.249e-16 0.433333 0 -1
12.9 -1.249e-16 0.4 0 -1
12.9333 -1.249e-16 0.366667 0 -1
12.9667 -1.249e-16 0.333333 0 -1
13 -1.249e-16 0.3 0 -1
13.0333 -1.249e-16 0.266667 0 -1
13.0667 -1.249e-16 0.233333 0 -1
13.1 -1.249e-16 0.2 0 -1
13.1333 -1.249e-16 0.166667 0 -1
13.1667 -1.249e-16 0.133333 0 -1
13.2 -1.249e-16 0.1 0 -1
13.2333 -1.249e-16 0.0666667 0 -1
13.2667 -1.249e-16 0.0333333 0 -1
13.3 -1.249e-16 -1.249e-16 0 -1
