0 0.0171707 0.190639
0.1 -0.0755875 0.380386
0.2 -0.224262 0.535931
0.3 -0.451235 0.705974
0.4 -0.750787 0.823006
0.5 -1.03692 0.934971
0.6 -1.33976 1.0159
0.7 -1.61203 1.03633
0.8 -1.78919 1.01921
0.9 -1.94553 0.982702
1 -1.96544 0.889642
1.1 -1.91434 0.794847
1.2 -1.79588 0.648107
1.3 -1.61079 0.496044
1.4 -1.33892 0.315264
1.5 -1.04046 0.109239
1.6 -0.751151 -0.105256
1.7 -0.478228 -0.271441
1.8 -0.242506 -0.465336
1.9 -0.0851028 -0.626837
2 -0.00415037 -0.739978
2.1 0.0143803 -0.856235
2.2 -0.101906 -0.892068
2.3 -0.25825 -0.919376
2.4 -0.541957 -0.92535
2.5 -0.808177 -0.891188
2.6 -1.13995 -0.845524
2.7 -1.41444 -0.723634
2.8 -1.6704 -0.547053
2.9 -1.87537 -0.399429
3 -1.97695 -0.169115
3.1 -2.03857 0.0175462
3.2 -2.02295 0.235304
3.3 -1.86284 0.420665
3.4 -1.65191 0.577856
3.5 -1.35587 0.723385
3.6 -1.04308 0.828875
3.7 -0.706127 0.918759
3.8 -0.42359 0.966916
3.9 -0.191001 0.975094
4 -0.0246158 0.964533
4.1 0.0374247 0.895041
4.2 0.0324851 0.780895
4.3 -0.023008 0.641498
4.4 -0.186749 0.472827
4.5 -0.400529 0.296644
4.6 -0.695018 0.0971739
4.7 -0.981919 -0.094986
4.8 -1.23668 -0.292818
4.9 -1.49475 -0.471927
5 -1.67408 -0.643039
5.1 -1.73697 -0.799053
5.2 -1.80955 -0.906697
5.3 -1.76851 -1.02151
5.4 -1.63996 -1.01408
5.5 -1.40226 -0.994041
5.6 -1.1409 -0.926776
5.7 -0.844081 -0.852003
5.8 -0.546997 -0.70776
5.9 -0.266953 -0.558792
6 -0.0240028 -0.366861
6.1 0.153871 -0.198505
6.2 0.218275 -0.0183703
6.3 0.183343 0.176016
6.4 0.0535447 0.357188
6.5 -0.119315 0.517439
6.6 -0.365863 0.675956
6.7 -0.674691 0.795563
6.8 -0.962723 0.89353
6.9 -1.24862 0.971178
7 -1.48616 0.990307
7.1 -1.64287 0.955766
7.2 -1.76247 0.911963
7.3 -1.82155 0.818765
7.4 -1.7447 0.686878
7.5 -1.61784 0.552721
7.6 -1.39485 0.396973
7.7 -1.10427 0.228652
7.8 -0.804059 0.0507594
7.9 -0.5277 -0.143753
8 -0.230157 -0.33254
8.1 0.0048762 -0.529781
8.2 0.133975 -0.670385
8.3 0.208704 -0.785897
8.4 0.181075 -0.902346
8.5 0.0700545 -0.960033
8.6 -0.124282 -0.982064
8.7 -0.373299 -0.969469
8.8 -0.623471 -0.892686
8.9 -0.933531 -0.786607
9 -1.21112 -0.680888
9.1 -1.44999 -0.527583
9.2 -1.62122 -0.346029
9.3 -1.75782 -0.142554
9.4 -1.79679 0.105345
9.5 -1.71363 0.330554
9.6 -1.56351 0.532045
9.7 -1.37113 0.713648
9.8 -1.08843 0.875496
9.9 -0.765007 1.00704
10 -0.501662 1.08341
10.1 -0.205952 1.1248
10.2 0.00804332 1.12576
10.3 0.172705 1.08198
10.4 0.282269 0.989444
10.5 0.244676 0.876824
10.6 0.108814 0.73357
10.7 -0.0700495 0.553519
10.8 -0.309697 0.354094
10.9 -0.565139 0.172269
11 -0.842914 -0.0406203
11.1 -1.13454 -0.247188
11.2 -1.37573 -0.465115
11.3 -1.57844 -0.626344
11.4 -1.68358 -0.742584
11.5 -1.68865 -0.832487
11.6 -1.61605 -0.903508
11.7 -1.44629 -0.940626
11.8 -1.2102 -0.944018
11.9 -0.925227 -0.904232
12 -0.626636 -0.791662
12.1 -0.30578 -0.659612
12.2 -0.0295969 -0.509094
12.3 0.186793 -0.315574
12.4 0.318094 -0.112574
12.5 0.41699 0.0759339
12.6 0.39224 0.291169
12.7 0.28077 0.489359
12.8 0.11299 0.667444
12.9 -0.121513 0.813607
13 -0.417553 0.928599
13.1 -0.731288 1.0286
13.2 -1.03085 1.04615
13.3 -1.27835 1.05014
13.4 -1.44664 1.03592
13.5 -1.56736 0.960265
13.6 -1.60937 0.882756
13.7 -1.53064 0.75423
13.8 -1.35408 0.616622
13.9 -1.11692 0.461381
14 -0.849351 0.28264
14.1 -0.5148 0.062617
14.2 -0.232565 -0.102977
14.3 0.0134534 -0.293819
14.4 0.239461 -0.488148
14.5 0.382078 -0.646714
14.6 0.453481 -0.759631
14.7 0.440964 -0.868682
14.8 0.310859 -0.957833
14.9 0.112568 -0.962306
15 -0.17181 -0.958755
15.1 -0.459073 -0.879857
15.2 -0.753911 -0.818628
15.3 -1.0502 -0.684573
15.4 -1.33136 -0.505747
15.5 -1.50041 -0.340162
15.6 -1.61927 -0.17921
15.7 -1.63529 0.0233737
15.8 -1.57342 0.223644
15.9 -1.4116 0.382958
16 -1.15742 0.566418
16.1 -0.848553 0.723892
16.2 -0.560626 0.844274
16.3 -0.26965 0.925184
16.4 0.00667469 0.979754
16.5 0.203666 1.03368
16.6 0.374897 1.00303
16.7 0.421068 0.918174
16.8 0.424748 0.819842
16.9 0.297075 0.676999
17 0.0511564 0.497033
17.1 -0.202091 0.31792
17.2 -0.497141 0.116345
17.3 -0.780791 -0.0888753
17.4 -1.0573 -0.311476
17.5 -1.27979 -0.454614
17.6 -1.45764 -0.657216
17.7 -1.56122 -0.786618
17.8 -1.58407 -0.898941
17.9 -1.49452 -0.970933
18 -1.33402 -1.00043
18.1 -1.06642 -0.981795
18.2 -0.809157 -0.91339
18.3 -0.521648 -0.808212
18.4 -0.258831 -0.70968
18.5 -0.0311305 -0.556169
18.6 0.157677 -0.387178
18.7 0.298829 -0.192942
18.8 0.355806 -0.00929308
18.9 0.346008 0.21398
19 0.229456 0.378436
19.1 0.0442358 0.57154
19.2 -0.219947 0.721461
19.3 -0.500786 0.867338
19.4 -0.82086 0.970784
19.5 -1.09216 1.06229
19.6 -1.34538 1.05541
19.7 -1.53133 1.00136
19.8 -1.60648 0.938572
19.9 -1.59577 0.810481
20 -1.51933 0.674467
20.1 -1.34663 0.509632
20.2 -1.1693 0.317368
20.3 -0.881483 0.088507
20.4 -0.582848 -0.0831453
20.5 -0.286047 -0.300564
20.6 -0.0248331 -0.480202
20.7 0.149377 -0.658822
20.8 0.26395 -0.815903
20.9 0.287656 -0.938079
21 0.233888 -1.00949
21.1 0.0804893 -1.05698
21.2 -0.10807 -1.04297
21.3 -0.368932 -0.993663
21.4 -0.676041 -0.915812
21.5 -0.955711 -0.815739
21.6 -1.239 -0.689389
21.7 -1.46059 -0.550674
21.8 -1.63576 -0.354037
21.9 -1.71343 -0.147874
22 -1.7089 0.05194
22.1 -1.60952 0.285169
22.2 -1.41939 0.472098
22.3 -1.17534 0.631383
22.4 -0.897528 0.77326
22.5 -0.559402 0.90198
22.6 -0.297665 0.947163
22.7 -0.0319923 0.97639
22.8 0.174936 0.971463
22.9 0.298983 0.892077
23 0.330865 0.78488
23.1 0.296777 0.66888
23.2 0.214567 0.530655
23.3 -0.00217514 0.345342
23.4 -0.258223 0.137666
23.5 -0.572435 -0.0883471
23.6 -0.896554 -0.302319
23.7 -1.17209 -0.490634
23.8 -1.42989 -0.692921
23.9 -1.6058 -0.861239
24 -1.68976 -0.990152
24.1 -1.6679 -1.08096
24.2 -1.5416 -1.13174
24.3 -1.34255 -1.18143
24.4 -1.10664 -1.13714
24.5 -0.814133 -1.1
24.6 -0.517274 -0.993994
24.7 -0.240475 -0.879593
24.8 0.00527671 -0.733308
24.9 0.212228 -0.571993
25 0.352016 -0.394656
25.1 0.389028 -0.188534
25.2 0.337144 -0.00385524
25.3 0.191397 0.156194
25.4 -0.058516 0.33696
25.5 -0.333121 0.475238
25.6 -0.62327 0.576429
25.7 -0.900649 0.655917
25.8 -1.15438 0.702149
25.9 -1.38123 0.689604
26 -1.54472 0.659379
26.1 -1.60064 0.571088
26.2 -1.58652 0.456181
26.3 -1.4728 0.327215
26.4 -1.31225 0.185086
26.5 -1.08281 0.014909
26.6 -0.804855 -0.17542
26.7 -0.525768 -0.349334
26.8 -0.194581 -0.56616
26.9 0.0108028 -0.750789
27 0.223985 -0.917626
27.1 0.333529 -1.05134
27.2 0.356914 -1.14169
27.3 0.263383 -1.20416
27.4 0.0972658 -1.22329
27.5 -0.0930846 -1.21136
27.6 -0.371701 -1.16214
27.7 -0.654322 -1.09232
27.8 -0.93386 -0.985202
27.9 -1.20361 -0.79638
28 -1.40165 -0.635591
28.1 -1.58262 -0.431671
28.2 -1.66686 -0.248917
28.3 -1.6265 -0.0643416
28.4 -1.50144 0.139083
28.5 -1.30424 0.366946
28.6 -1.044 0.501702
28.7 -0.747463 0.635123
28.8 -0.45904 0.709399
28.9 -0.156997 0.747065
29 0.0759906 0.73
29.1 0.277156 0.709031
29.2 0.417977 0.64739
29.3 0.44491 0.56018
29.4 0.392128 0.464199
29.5 0.23676 0.339018
29.6 0.0298828 0.145131
29.7 -0.218895 -0.0456372
29.8 -0.524092 -0.252121
29.9 -0.81253 -0.462041
30 -1.07334 -0.668944
30.1 -1.31417 -0.812869
30.2 -1.47234 -0.931636
30.3 -1.54868 -1.07339
30.4 -1.5126 -1.17657
30.5 -1.37651 -1.19376
30.6 -1.18871 -1.20289
30.7 -0.943818 -1.19644
30.8 -0.615119 -1.1454
30.9 -0.339108 -1.05676
31 -0.0324214 -0.935699
31.1 0.210029 -0.775578
31.2 0.376429 -0.571868
31.3 0.473217 -0.389378
31.4 0.467396 -0.15161
31.5 0.389577 0.0561761
31.6 0.208859 0.232312
31.7 -0.0140586 0.374721
31.8 -0.303519 0.517006
31.9 -0.594811 0.655043
32 -0.889133 0.753715
32.1 -1.18886 0.788869
32.2 -1.4229 0.779393
32.3 -1.55592 0.725761
32.4 -1.60255 0.617177
32.5 -1.57312 0.494209
32.6 -1.4258 0.330992
32.7 -1.23409 0.190998
32.8 -0.978679 -0.0409867
32.9 -0.684549 -0.226933
33 -0.352527 -0.439796
33.1 -0.108383 -0.631793
33.2 0.0980758 -0.833492
33.3 0.308758 -0.973509
33.4 0.370758 -1.14175
33.5 0.389346 -1.24598
33.6 0.31569 -1.31132
33.7 0.189295 -1.35575
33.8 -0.0214349 -1.32478
33.9 -0.324647 -1.26494
34 -0.619832 -1.18122
34.1 -0.905758 -1.07754
34.2 -1.14886 -0.903396
34.3 -1.34369 -0.752551
34.4 -1.44757 -0.565641
34.5 -1.52319 -0.387347
34.6 -1.47155 -0.188453
34.7 -1.34435 0.0191009
34.8 -1.13282 0.209791
34.9 -0.876643 0.351125
35 -0.597987 0.483361
35.1 -0.282928 0.560023
35.2 0.0295686 0.613874
35.3 0.267131 0.615237
35.4 0.422669 0.544749
35.5 0.55021 0.492965
35.6 0.543499 0.425248
35.7 0.44093 0.319562
35.8 0.271599 0.188888
35.9 0.0475539 0.00386153
36 -0.194084 -0.213856
36.1 -0.484673 -0.386243
36.2 -0.776448 -0.612771
36.3 -1.01221 -0.806098
36.4 -1.21473 -0.979509
36.5 -1.3572 -1.12592
36.6 -1.39881 -1.22105
36.7 -1.34837 -1.29347
36.8 -1.19739 -1.35935
36.9 -1.01674 -1.34256
37 -0.753598 -1.31412
37.1 -0.46608 -1.25323
37.2 -0.12996 -1.12151
37.3 0.131566 -0.977721
37.4 0.36238 -0.845692
37.5 0.545868 -0.68865
37.6 0.626577 -0.473288
37.7 0.643939 -0.257002
37.8 0.544753 -0.0177567
37.9 0.395649 0.174051
38 0.149553 0.362219
38.1 -0.105065 0.499039
38.2 -0.400355 0.60135
38.3 -0.680394 0.684494
38.4 -0.947933 0.702108
38.5 -1.16511 0.720811
38.6 -1.27565 0.681348
38.7 -1.33691 0.606924
38.8 -1.27304 0.450116
38.9 -1.13193 0.300052
39 -0.936671 0.142702
39.1 -0.682042 -0.0260449
39.2 -0.404662 -0.206077
39.3 -0.0760296 -0.410297
39.4 0.230323 -0.606523
39.5 0.481655 -0.788155
39.6 0.660722 -0.951975
39.7 0.721178 -1.06999
39.8 0.695029 -1.16025
39.9 0.598703 -1.23701
40 0.420216 -1.24712
40.1 0.202248 -1.21211
40.2 -0.0651566 -1.15741
40.3 -0.387663 -1.04629
40.4 -0.665928 -0.888289
40.5 -0.934612 -0.711647
40.6 -1.14152 -0.534511
40.7 -1.2714 -0.362301
40.8 -1.2836 -0.156329
40.9 -1.24882 0.0440532
41 -1.09347 0.224459
41.1 -0.835529 0.386081
41.2 -0.575708 0.525179
41.3 -0.274311 0.646314
41.4 0.0504143 0.746916
41.5 0.322757 0.806124
41.6 0.583397 0.810246
41.7 0.688896 0.801802
41.8 0.768159 0.789092
41.9 0.783867 0.703088
42 0.685991 0.549661
42.1 0.511558 0.403896
42.2 0.232251 0.238233
42.3 -0.0488943 0.058387
42.4 -0.351925 -0.157184
42.5 -0.639465 -0.341957
42.6 -0.905461 -0.533415
42.7 -1.09311 -0.714988
42.8 -1.21233 -0.880661
42.9 -1.28779 -1.00533
43 -1.19957 -1.05066
43.1 -1.06237 -1.11821
43.2 -0.839984 -1.08194
43.3 -0.545777 -1.0438
43.4 -0.279588 -0.972776
43.5 0.00903299 -0.891267
43.6 0.277917 -0.766246
43.7 0.4792 -0.577461
43.8 0.663497 -0.434237
43.9 0.735212 -0.245557
44 0.734983 -0.0608196
44.1 0.59961 0.122157
44.2 0.438353 0.307456
44.3 0.226707 0.476014
44.4 -0.0664163 0.627295
44.5 -0.348274 0.717052
44.6 -0.60089 0.788582
44.7 -0.825445 0.816155
44.8 -0.999866 0.780333
44.9 -1.09457 0.719992
45 -1.12609 0.633376
45.1 -1.03121 0.511162
45.2 -0.890481 0.319326
45.3 -0.694191 0.117153
45.4 -0.42016 -0.0737549
45.5 -0.113246 -0.273925
45.6 0.167846 -0.487748
45.7 0.423193 -0.687256
45.8 0.635336 -0.884546
45.9 0.791394 -1.05323
46 0.880447 -1.14766
46.1 0.859707 -1.26386
46.2 0.752084 -1.32737
46.3 0.574223 -1.34557
46.4 0.341635 -1.32923
46.5 0.0503821 -1.28112
46.6 -0.245077 -1.17876
46.7 -0.555483 -1.02707
46.8 -0.809365 -0.834236
46.9 -1.00242 -0.631745
47 -1.10403 -0.454172
47.1 -1.09381 -0.272263
47.2 -1.03741 -0.0549654
47.3 -0.888547 0.114971
47.4 -0.688893 0.289671
47.5 -0.410847 0.441076
47.6 -0.146661 0.544151
47.7 0.152241 0.624235
47.8 0.423509 0.6499
47.9 0.657812 0.667124
48 0.826196 0.647464
48.1 0.891398 0.567293
48.2 0.857762 0.439817
48.3 0.748897 0.266213
48.4 0.575049 0.0863545
48.5 0.341848 -0.111179
48.6 0.0851823 -0.293236
48.7 -0.18842 -0.504536
48.8 -0.477858 -0.698306
48.9 -0.732306 -0.872993
49 -0.909399 -1.01139
49.1 -0.998056 -1.1773
49.2 -1.03171 -1.24315
49.3 -0.942579 -1.30865
49.4 -0.784205 -1.32808
49.5 -0.576383 -1.30752
49.6 -0.31681 -1.27017
49.7 -0.0437745 -1.1951
49.8 0.270588 -1.08589
49.9 0.525511 -0.939291
50 0.767118 -0.788727
50.1 0.892847 -0.557653
50.2 0.923658 -0.355963
50.3 0.871887 -0.171938
50.4 0.728952 0.0472501
50.5 0.551667 0.254504
50.6 0.30362 0.398603
50.7 -0.0055648 0.526739
50.8 -0.307532 0.625145
50.9 -0.587312 0.690716
51 -0.821176 0.696202
51.1 -0.976778 0.693224
51.2 -1.11064 0.671803
51.3 -1.11802 0.572672
51.4 -1.08267 0.440735
51.5 -0.924847 0.286092
51.6 -0.728237 0.0984393
51.7 -0.436857 -0.0621277
51.8 -0.122545 -0.282285
51.9 0.197532 -0.495463
52 0.476974 -0.632603
52.1 0.676192 -0.811711
52.2 0.809709 -0.981465
52.3 0.826546 -1.10956
52.4 0.782349 -1.21059
52.5 0.636025 -1.27641
52.6 0.431704 -1.27611
52.7 0.200902 -1.22343
52.8 -0.126711 -1.11817
52.9 -0.469959 -1.03716
53 -0.740061 -0.877478
53.1 -0.99661 -0.713113
53.2 -1.15161 -0.508344
53.3 -1.2289 -0.313552
53.4 -1.22202 -0.0802245
53.5 -1.17055 0.123048
53.6 -0.999584 0.306927
53.7 -0.754788 0.495969
53.8 -0.464105 0.63059
53.9 -0.180443 0.734487
54 0.0849378 0.811646
54.1 0.327259 0.880907
54.2 0.5197 0.897834
54.3 0.652991 0.86916
54.4 0.692725 0.782556
54.5 0.639715 0.663038
54.6 0.520619 0.552871
54.7 0.316406 0.392589
54.8 0.0630373 0.197867
54.9 -0.205433 0.00556632
55 -0.504383 -0.225325
55.1 -0.773859 -0.40754
55.2 -1.01093 -0.596212
55.3 -1.15789 -0.767952
55.4 -1.22119 -0.91073
55.5 -1.21237 -0.99662
55.6 -1.12957 -1.03048
55.7 -0.945218 -1.03148
55.8 -0.740249 -1.03264
55.9 -0.465381 -0.992681
56 -0.204596 -0.898081
56.1 0.0718438 -0.77861
56.2 0.320148 -0.67798
56.3 0.545298 -0.51126
56.4 0.663065 -0.355666
56.5 0.672107 -0.157956
56.6 0.63696 0.0584111
56.7 0.490324 0.266095
56.8 0.271894 0.448967
56.9 0.0287057 0.572662
57 -0.264801 0.696735
57.1 -0.611712 0.805717
57.2 -0.894864 0.862486
57.3 -1.1454 0.898565
57.4 -1.32797 0.87775
57.5 -1.40887 0.811533
57.6 -1.39933 0.713407
57.7 -1.30884 0.580237
57.8 -1.14999 0.395521
57.9 -0.945242 0.215693
58 -0.656146 0.0331772
58.1 -0.326305 -0.136361
58.2 -0.027198 -0.328235
58.3 0.233911 -0.522964
58.4 0.43583 -0.710876
58.5 0.591177 -0.881882
58.6 0.653632 -1.01
58.7 0.589372 -1.09738
58.8 0.41553 -1.13302
58.9 0.2202 -1.10616
59 -0.0435839 -1.04144
59.1 -0.357401 -0.934254
59.2 -0.651115 -0.8338
59.3 -0.907842 -0.701677
59.4 -1.16002 -0.537523
59.5 -1.3391 -0.333504
59.6 -1.42348 -0.154036
59.7 -1.3889 0.0301401
59.8 -1.33049 0.238048
59.9 -1.1179 0.423342
