0 0.0539853 0.14385 0.0384621 0 0 0.0384621
0.1 -0.15798 0.288968 0.0197114 0 0 0.0197114
0.2 -0.31226 0.52237 0.0133828 0 0 0.0133828
0.3 -0.601133 0.655145 0.0102507 0 0 0.0102507
0.4 -0.902313 0.811939 0.00841109 0 0 0.00841109
0.5 -1.19731 0.893917 0.00722057 0 0 0.00722057
0.6 -1.47893 1.00983 0.00640107 0 0 0.00640107
0.7 -1.70357 1.03961 0.00581275 0 0 0.00581275
0.8 -1.87689 1.09458 0.00537752 0 0 0.00537752
0.9 -1.94851 1.02434 0.00504835 0 0 0.00504835
1 -1.97244 0.919433 0.0047952 0 0 0.0047952
1.1 -1.91453 0.782548 0.00459801 0 0 0.00459801
1.2 -1.77637 0.633953 0.00444287 0 0 0.00444287
1.3 -1.58999 0.482654 0.00431986 0 0 0.00431986
1.4 -1.35821 0.290129 0.00422171 0 0 0.00422171
1.5 -1.06841 0.0928798 0.00414302 0 0 0.00414302
1.6 -0.767114 -0.125966 0.00407967 0 0 0.00407967
1.7 -0.453648 -0.324638 0.00402851 0 0 0.00402851
1.8 -0.244701 -0.497292 0.00398709 0 0 0.00398709
1.9 -0.0734987 -0.656443 0.00395348 0 0 0.00395348
2 0.0746975 -0.799164 0.00392617 0 0 0.00392617
2.1 0.0625152 -0.897664 0.00390394 0 0 0.00390394
2.2 -0.0462688 -0.9623 0.00388583 0 0 0.00388583
2.3 -0.239696 -0.979859 0.00387106 0 0 0.00387106
2.4 -0.482655 -0.956152 0.00385901 0 0 0.00385901
2.5 -0.768147 -0.926771 0.00384917 0 0 0.00384917
2.6 -1.04411 -0.845883 0.00384113 0 0 0.00384113
2.7 -1.35914 -0.700845 0.00383456 0 0 0.00383456
2.8 -1.61554 -0.574751 0.00382919 0 0 0.00382919
2.9 -1.84682 -0.42097 0.00382479 0 0 0.00382479
3 -1.96603 -0.232149 0.0038212 0 0 0.0038212
3.1 -1.99347 -0.043252 0.00381826 0 0 0.00381826
3.2 -1.92348 0.154272 0.00381585 0 0 0.00381585
3.3 -1.7804 0.345037 0.00381388 0 0 0.00381388
3.4 -1.58918 0.505568 0.00381227 0 0 0.00381227
3.5 -1.3211 0.67881 0.00381095 0 0 0.00381095
3.6 -1.02561 0.800301 0.00380987 0 0 0.00380987
3.7 -0.730648 0.890588 0.00380899 0 0 0.00380899
3.8 -0.423306 0.978201 0.00380826 0 0 0.00380826
3.9 -0.197274 0.99106 0.00380767 0 0 0.00380767
4 -0.0113164 0.962961 0.00380719 0 0 0.00380719
4.1 0.071991 0.902397 0.00380679 0 0 0.00380679
4.2 0.0555083 0.800923 0.00380647 0 0 0.00380647
4.3 -0.0483936 0.669666 0.0038062 0 0 0.0038062
4.4 -0.214613 0.482093 0.00380598 0 0 0.00380598
4.5 -0.425502 0.326277 0.0038058 0 0 0.0038058
4.6 -0.683447 0.10889 0.00380566 0 0 0.00380566
4.7 -1.00285 -0.111691 0.00380554 0 0 0.00380554
4.8 -1.28246 -0.324188 0.00380544 0 0 0.00380544
4.9 -1.56465 -0.501728 0.00380536 0 0 0.00380536
5 -1.73189 -0.673721 0.00380529 0 0 0.00380529
5.1 -1.83888 -0.790971 0.00380524 0 0 0.00380524
5.2 -1.86918 -0.893659 0.0038052 0 0 0.0038052
5.3 -1.81625 -0.969419 0.00380516 0 0 0.00380516
5.4 -1.64128 -0.993252 0.00380513 0 0 0.00380513
5.5 -1.45399 -0.964513 0.00380511 0 0 0.00380511
5.6 -1.21415 -0.925551 0.00380509 0 0 0.00380509
5.7 -0.907 -0.841214 0.00380507 0 0 0.00380507
5.8 -0.583023 -0.685274 0.00380506 0 0 0.00380506
5.9 -0.337209 -0.556624 0.00380505 0 0 0.00380505
6 -0.0898306 -0.40291 0.00380504 0 0 0.00380504
6.1 0.0720117 -0.232756 0.00380503 0 0 0.00380503
6.2 0.15679 -0.0282777 0.00380502 0 0 0.00380502
6.3 0.125683 0.167516 0.00380502 0 0 0.00380502
6.4 0.0400271 0.358971 0.00380501 0 0 0.00380501
6.5 -0.108459 0.546262 0.00380501 0 0 0.00380501
6.6 -0.341274 0.723775 0.00380501 0 0 0.00380501
6.7 -0.64734 0.864621 0.00380501 0 0 0.00380501
6.8 -0.927169 0.975637 0.003805 0 0 0.003805
6.9 -1.17141 1.01552 0.003805 0 0 0.003805
7 -1.43452 1.04421 0.003805 0 0 0.003805
7.1 -1.62353 1.04117 0.003805 0 0 0.003805
7.2 -1.75694 1.01254 0.003805 0 0 0.003805
7.3 -1.77177 0.914423 0.003805 0 0 0.003805
7.4 -1.71715 0.788639 0.003805 0 0 0.003805
7.5 -1.54832 0.6474 0.003805 0 0 0.003805
7.6 -1.32968 0.457456 0.003805 0 0 0.003805
7.7 -1.0738 0.270766 0.003805 0 0 0.003805
7.8 -0.731757 0.0461315 0.003805 0 0 0.003805
7.9 -0.498445 -0.14136 0.003805 0 0 0.003805
8 -0.228299 -0.350225 0.003805 0 0 0.003805
8.1 0.00914145 -0.52116 0.003805 0 0 0.003805
8.2 0.153146 -0.682829 0.003805 0 0 0.003805
8.3 0.239122 -0.825797 0.003805 0 0 0.003805
8.4 0.215079 -0.874576 0.003805 0 0 0.003805
8.5 0.0858448 -0.871876 0.003805 0 0 0.003805
8.6 -0.121153 -0.906225 0.003805 0 0 0.003805
8.7 -0.363013 -0.897085 0.003805 0 0 0.003805
8.8 -0.681378 -0.82253 0.003805 0 0 0.003805
8.9 -0.967399 -0.758024 0.003805 0 0 0.003805
9 -1.23064 -0.609809 0.003805 0 0 0.003805
9.1 -1.48226 -0.475661 0.003805 0 0 0.003805
9.2 -1.65615 -0.305283 0.003805 0 0 0.003805
9.3 -1.75437 -0.129126 0.003805 0 0 0.003805
9.4 -1.73685 0.0554696 0.003805 0 0 0.003805
9.5 -1.66089 0.248533 0.003805 0 0 0.003805
9.6 -1.50828 0.440783 0.003805 0 0 0.003805
9.7 -1.31291 0.559807 0.003805 0 0 0.003805
9.8 -1.0825 0.702824 0.003805 0 0 0.003805
9.9 -0.778179 0.821575 0.003805 0 0 0.003805
10 -0.510777 0.922622 0.003805 0 0 0.003805
10.1 -0.267734 0.982913 0.003805 0 0 0.003805
10.2 -0.0623708 1.00945 0.003805 0 0 0.003805
10.3 0.0912731 0.953479 0.003805 0 0 0.003805
10.4 0.193232 0.897177 0.003805 0 0 0.003805
10.5 0.173083 0.790613 0.003805 0 0 0.003805
10.6 0.0615484 0.644243 0.003805 0 0 0.003805
10.7 -0.119139 0.474125 0.003805 0 0 0.003805
10.8 -0.328507 0.33216 0.003805 0 0 0.003805
10.9 -0.596576 0.125568 0.003805 0 0 0.003805
11 -0.881672 -0.0661503 0.003805 0 0 0.003805
11.1 -1.18922 -0.255561 0.003805 0 0 0.003805
11.2 -1.45177 -0.407051 0.003805 0 0 0.003805
11.3 -1.63043 -0.567722 0.003805 0 0 0.003805
11.4 -1.72874 -0.689632 0.003805 0 0 0.003805
11.5 -1.73067 -0.79939 0.003805 0 0 0.003805
11.6 -1.64778 -0.857762 0.003805 0 0 0.003805
11.7 -1.45591 -0.903604 0.003805 0 0 0.003805
11.8 -1.24127 -0.952362 0.003805 0 0 0.003805
11.9 -0.973647 -0.89526 0.003805 0 0 0.003805
12 -0.661823 -0.834621 0.003805 0 0 0.003805
12.1 -0.367843 -0.680615 0.003805 0 0 0.003805
12.2 -0.101444 -0.480912 0.003805 0 0 0.003805
12.3 0.122935 -0.292822 0.003805 0 0 0.003805
12.4 0.275448 -0.12923 0.003805 0 0 0.003805
12.5 0.346651 0.0448308 0.003805 0 0 0.003805
12.6 0.31923 0.244165 0.003805 0 0 0.003805
12.7 0.217069 0.447971 0.003805 0 0 0.003805
12.8 -0.00224679 0.604 0.003805 0 0 0.003805
12.9 -0.23809 0.785142 0.003805 0 0 0.003805
13 -0.548265 0.956109 0.003805 0 0 0.003805
13.1 -0.813588 1.01943 0.003805 0 0 0.003805
13.2 -1.10532 1.08495 0.003805 0 0 0.003805
13.3 -1.36402 1.1057 0.003805 0 0 0.003805
13.4 -1.54113 1.07137 0.003805 0 0 0.003805
13.5 -1.65029 1.01939 0.003805 0 0 0.003805
13.6 -1.63971 0.9132 0.003805 0 0 0.003805
13.7 -1.57514 0.788241 0.003805 0 0 0.003805
13.8 -1.40625 0.626142 0.003805 0 0 0.003805
13.9 -1.18027 0.488286 0.003805 0 0 0.003805
14 -0.918731 0.29317 0.003805 0 0 0.003805
14.1 -0.602149 0.0764635 0.003805 0 0 0.003805
14.2 -0.326169 -0.143769 0.003805 0 0 0.003805
14.3 -0.0354727 -0.347084 0.003805 0 0 0.003805
14.4 0.164187 -0.502921 0.003805 0 0 0.003805
14.5 0.329498 -0.641674 0.003805 0 0 0.003805
14.6 0.398201 -0.726988 0.003805 0 0 0.003805
14.7 0.378759 -0.855614 0.003805 0 0 0.003805
14.8 0.269469 -0.892563 0.003805 0 0 0.003805
14.9 0.0773382 -0.899075 0.003805 0 0 0.003805
15 -0.211387 -0.856656 0.003805 0 0 0.003805
15.1 -0.495313 -0.79165 0.003805 0 0 0.003805
15.2 -0.772553 -0.672503 0.003805 0 0 0.003805
15.3 -1.06152 -0.564903 0.003805 0 0 0.003805
15.4 -1.28243 -0.451819 0.003805 0 0 0.003805
15.5 -1.4667 -0.277517 0.003805 0 0 0.003805
15.6 -1.5688 -0.0995598 0.003805 0 0 0.003805
15.7 -1.5974 0.101937 0.003805 0 0 0.003805
15.8 -1.49348 0.236282 0.003805 0 0 0.003805
15.9 -1.35415 0.402986 0.003805 0 0 0.003805
16 -1.1168 0.550534 0.003805 0 0 0.003805
16.1 -0.824483 0.70782 0.003805 0 0 0.003805
16.2 -0.514114 0.845612 0.003805 0 0 0.003805
16.3 -0.230395 0.911396 0.003805 0 0 0.003805
16.4 0.0267364 0.97702 0.003805 0 0 0.003805
16.5 0.24336 0.959958 0.003805 0 0 0.003805
16.6 0.364573 0.920509 0.003805 0 0 0.003805
16.7 0.395784 0.882742 0.003805 0 0 0.003805
16.8 0.375757 0.761715 0.003805 0 0 0.003805
16.9 0.244071 0.653794 0.003805 0 0 0.003805
17 0.0235645 0.481386 0.003805 0 0 0.003805
17.1 -0.243328 0.306577 0.003805 0 0 0.003805
17.2 -0.523761 0.120933 0.003805 0 0 0.003805
17.3 -0.821959 -0.0855164 0.003805 0 0 0.003805
17.4 -1.07292 -0.270491 0.003805 0 0 0.003805
17.5 -1.28845 -0.456345 0.003805 0 0 0.003805
17.6 -1.46315 -0.625439 0.003805 0 0 0.003805
17.7 -1.52013 -0.732941 0.003805 0 0 0.003805
17.8 -1.50519 -0.86187 0.003805 0 0 0.003805
17.9 -1.41857 -0.949815 0.003805 0 0 0.003805
18 -1.24289 -0.966364 0.003805 0 0 0.003805
18.1 -1.01575 -0.951773 0.003805 0 0 0.003805
18.2 -0.73837 -0.890984 0.003805 0 0 0.003805
18.3 -0.454317 -0.759525 0.003805 0 0 0.003805
18.4 -0.195624 -0.656245 0.003805 0 0 0.003805
18.5 0.0363107 -0.499263 0.003805 0 0 0.003805
18.6 0.243941 -0.341427 0.003805 0 0 0.003805
18.7 0.383148 -0.159688 0.003805 0 0 0.003805
18.8 0.357491 0.0190615 0.003805 0 0 0.003805
18.9 0.325466 0.224892 0.003805 0 0 0.003805
19 0.192175 0.398032 0.003805 0 0 0.003805
19.1 0.0109047 0.599154 0.003805 0 0 0.003805
19.2 -0.257448 0.751552 0.003805 0 0 0.003805
19.3 -0.5439 0.889942 0.003805 0 0 0.003805
19.4 -0.860314 0.978406 0.003805 0 0 0.003805
19.5 -1.11906 1.03261 0.003805 0 0 0.003805
19.6 -1.32762 1.05264 0.003805 0 0 0.003805
19.7 -1.51266 1.02078 0.003805 0 0 0.003805
19.8 -1.59192 0.979929 0.003805 0 0 0.003805
19.9 -1.57378 0.903633 0.003805 0 0 0.003805
20 -1.48233 0.770246 0.004205 0 0 0.004205
20.1 -1.31054 0.609911 0.004605 0 0 0.004605
20.2 -1.07373 0.429021 0.005005 0 0 0.005005
20.3 -0.793076 0.234786 0.005405 0 0 0.005405
20.4 -0.493635 0.0349522 0.005805 0 0 0.005805
20.5 -0.202159 -0.162516 0.006205 0 0 0.006205
20.6 0.0553166 -0.349745 0.006605 0 0 0.006605
20.7 0.255791 -0.51927 0.007005 0 0 0.007005
20.8 0.381358 -0.664335 0.007405 0 0 0.007405
20.9 0.420799 -0.779154 0.007805 0 0 0.007805
21 0.370592 -0.859151 0.008205 0 0 0.008205
21.1 0.235222 -0.901137 0.008605 0 0 0.008605
21.2 0.0267813 -0.903437 0.009005 0 0 0.009005
21.3 -0.236111 -0.86596 0.009405 0 0 0.009405
21.4 -0.529972 -0.7902 0.009805 0 0 0.009805
21.5 -0.828552 -0.679177 0.010205 0 0 0.010205
21.6 -1.10518 -0.537318 0.010605 0 0 0.010605
21.7 -1.33514 -0.370278 0.011005 0 0 0.011005
21.8 -1.4979 -0.184716 0.011405 0 0 0.011405
21.9 -1.57892 0.0119703 0.011805 0 0 0.011805
22 -1.57095 0.211939 0.012205 0 0 0.012205
22.1 -1.47472 0.407218 0.012605 0 0 0.012605
22.2 -1.29881 0.590023 0.013005 0 0 0.013005
22.3 -1.05894 0.753065 0.013405 0 0 0.013405
22.4 -0.776544 0.889845 0.013805 0 0 0.013805
22.5 -0.476838 0.994909 0.014205 0 0 0.014205
22.6 -0.186596 1.06407 0.014605 0 0 0.014605
22.7 0.0682542 1.09457 0.015005 0 0 0.015005
22.8 0.264948 1.08519 0.015405 0 0 0.015405
22.9 0.385916 1.03631 0.015805 0 0 0.015805
23 0.420351 0.949874 0.016205 0 0 0.016205
23.1 0.365178 0.82933 0.016605 0 0 0.016605
23.2 0.225326 0.679483 0.017005 0 0 0.017005
23.3 0.0132867 0.506307 0.017405 0 0 0.017405
23.4 -0.251999 0.316706 0.017805 0 0 0.017805
23.5 -0.546834 0.118239 0.018205 0 0 0.018205
23.6 -0.844881 -0.0811818 0.018605 0 0 0.018605
23.7 -1.11952 -0.273606 0.019005 0 0 0.019005
23.8 -1.34621 -0.451363 0.019405 0 0 0.019405
23.9 -1.50471 -0.607366 0.019805 0 0 0.019805
24 -1.58085 -0.735395 0.020205 0 0 0.020205
24.1 -1.56785 -0.830346 0.020605 0 0 0.020605
24.2 -1.46685 -0.888434 0.021005 0 0 0.021005
24.3 -1.28688 -0.907343 0.021405 0 0 0.021405
24.4 -1.04402 -0.886319 0.021805 0 0 0.021805
24.5 -0.759957 -0.8262 0.022205 0 0 0.022205
24.6 -0.46007 -0.729384 0.022605 0 0 0.022605
24.7 -0.171145 -0.599729 0.023005 0 0 0.023005
24.8 0.0810077 -0.442406 0.023405 0 0 0.023405
24.9 0.273865 -0.263684 0.023805 0 0 0.023805
25 0.3902 -0.0706913 0.024205 0 0 0.024205
25.1 0.419619 0.12888 0.024605 0 0 0.024605
25.2 0.359496 0.327073 0.025005 0 0 0.025005
25.3 0.215201 0.515987 0.025405 0 0 0.025405
25.4 -0.000376518 0.68809 0.025805 0 0 0.025805
25.5 -0.26798 0.836521 0.026205 0 0 0.026205
25.6 -0.563705 0.955362 0.026605 0 0 0.026605
25.7 -0.861135 1.03988 0.027005 0 0 0.027005
25.8 -1.1337 1.08669 0.027405 0 0 0.027405
25.9 -1.35706 1.09395 0.027805 0 0 0.027805
26 -1.51125 1.06135 0.028205 0 0 0.028205
26.1 -1.58251 0.990198 0.028605 0 0 0.028605
26.2 -1.56447 0.883331 0.029005 0 0 0.029005
26.3 -1.45873 0.745009 0.029405 0 0 0.029405
26.4 -1.27475 0.580745 0.029805 0 0 0.029805
26.5 -1.02896 0.397088 0.030205 0 0 0.030205
26.6 -0.74332 0.201361 0.030605 0 0 0.030605
26.7 -0.443337 0.00136575 0.031005 0 0 0.031005
26.8 -0.155811 -0.194924 0.031405 0 0 0.031405
26.9 0.0935735 -0.379682 0.031805 0 0 0.031805
27 0.28254 -0.545544 0.032205 0 0 0.032205
27.1 0.394208 -0.685897 0.032605 0 0 0.032605
27.2 0.418604 -0.795146 0.033005 0 0 0.033005
27.3 0.353548 -0.868934 0.033405 0 0 0.033405
27.4 0.204851 -0.904321 0.033805 0 0 0.033805
27.5 -0.0142044 -0.899896 0.034205 0 0 0.034205
27.6 -0.28405 -0.855835 0.034605 0 0 0.034605
27.7 -0.580582 -0.773894 0.035005 0 0 0.035005
27.8 -0.877311 -0.657341 0.035405 0 0 0.035405
27.9 -1.14773 -0.510822 0.035805 0 0 0.035805
28 -1.36769 -0.340178 0.036205 0 0 0.036205
28.1 -1.51753 -0.152212 0.036605 0 0 0.036605
28.2 -1.58388 0.0455821 0.037005 0 0 0.037005
28.3 -1.56081 0.245319 0.037405 0 0 0.037405
28.4 -1.45037 0.439035 0.037805 0 0 0.037805
28.5 -1.26243 0.619008 0.038205 0 0 0.038205
28.6 -1.01378 0.778064 0.038605 0 0 0.038605
28.7 -0.726637 0.90986 0.039005 0 0 0.039005
28.8 -0.426643 1.00914 0.039405 0 0 0.039405
28.9 -0.140597 1.07195 0.039805 0 0 0.039805
29 0.105948 1.09579 0.040205 0 0 0.040205
29.1 0.29097 1.0797 0.040605 0 0 0.040605
29.2 0.397941 1.02433 0.041005 0 0 0.041005
29.3 0.417306 0.931876 0.041405 0 0 0.041405
29.4 0.347335 0.806034 0.041805 0 0 0.041805
29.5 0.194278 0.651818 0.042205 0 0 0.042205
29.6 -0.028193 0.475376 0.042605 0 0 0.042605
29.7 -0.300205 0.283742 0.043005 0 0 0.043005
29.8 -0.597459 0.0845561 0.043405 0 0 0.043405
29.9 -0.893404 -0.114241 0.043805 0 0 0.043805
30 -1.1616 -0.304723 0.044205 0 0 0.044205
30.1 -1.3781 -0.479298 0.044605 0 0 0.044605
30.2 -1.52355 -0.631004 0.045005 0 0 0.045005
30.3 -1.58497 -0.753794 0.045405 0 0 0.045405
30.4 -1.55687 -0.842773 0.045805 0 0 0.045805
30.5 -1.44175 -0.894394 0.046205 0 0 0.046205
30.6 -1.24991 -0.906597 0.046605 0 0 0.046605
30.7 -0.998479 -0.878898 0.047005 0 0 0.047005
30.8 -0.709914 -0.8124 0.047405 0 0 0.047405
30.9 -0.409993 -0.709754 0.047805 0 0 0.047805
31 -0.125509 -0.575053 0.048205 0 0 0.048205
31.1 0.118128 -0.413666 0.048605 0 0 0.048605
31.2 0.299153 -0.232027 0.049005 0 0 0.049005
31.3 0.401396 -0.0373789 0.049405 0 0 0.049405
31.4 0.415725 0.16252 0.049805 0 0 0.049805
31.5 0.340858 0.359699 0.050205 0 0 0.050205
31.6 0.183485 0.546298 0.050605 0 0 0.050605
31.7 -0.0423384 0.714878 0.051005 0 0 0.051005
31.8 -0.316439 0.858718 0.051405 0 0 0.051405
31.9 -0.614332 0.972083 0.051805 0 0 0.051805
32 -0.909409 1.05045 0.052205 0 0 0.052205
32.1 -1.17531 1.09071 0.052605 0 0 0.052605
32.2 -1.38828 1.09124 0.053005 0 0 0.053005
32.3 -1.5293 1.05202 0.053405 0 0 0.053405
32.4 -1.58578 0.974628 0.053805 0 0 0.053805
32.5 -1.55266 0.862137 0.054205 0 0 0.054205
32.6 -1.4329 0.719036 0.054605 0 0 0.054605
32.7 -1.23721 0.551028 0.055005 0 0 0.055005
32.8 -0.983059 0.364813 0.055405 0 0 0.055405
32.9 -0.693155 0.167814 0.055805 0 0 0.055805
33 -0.393393 -0.0321155 0.056205 0 0 0.056205
33.1 -0.110549 -0.227005 0.056605 0 0 0.056605
33.2 0.13011 -0.409084 0.057005 0 0 0.057005
33.3 0.307087 -0.571095 0.057405 0 0 0.057405
33.4 0.404574 -0.706578 0.057805 0 0 0.057805
33.5 0.413862 -0.810132 0.058205 0 0 0.058205
33.6 0.334121 -0.877628 0.058605 0 0 0.058605
33.7 0.172475 -0.906377 0.059005 0 0 0.059005
33.8 -0.0566366 -0.895231 0.059405 0 0 0.059405
33.9 -0.332749 -0.844635 0.059805 0 0 0.059805
34 -0.631197 -0.756606 0.060205 0 0 0.060205
34.1 -0.925321 -0.634654 0.060605 0 0 0.060605
34.2 -1.18885 -0.483641 0.061005 0 0 0.061005
34.3 -1.39824 -0.309586 0.061405 0 0 0.061405
34.4 -1.53479 -0.119429 0.061805 0 0 0.061805
34.5 -1.5863 0.0792489 0.062205 0 0 0.062205
34.6 -1.54817 0.278527 0.062605 0 0 0.062605
34.7 -1.42381 0.470462 0.063005 0 0 0.063005
34.8 -1.22432 0.647401 0.063405 0 0 0.063405
34.9 -0.967525 0.802289 0.063805 0 0 0.063805
35 -0.676364 0.928953 0.064205 0 0 0.064205
35.1 -0.376845 1.02234 0.064605 0 0 0.064605
35.2 -0.0957235 1.07873 0.065005 0 0 0.065005
35.3 0.14189 1.09588 0.065405 0 0 0.065405
35.4 0.314769 1.0731 0.065805 0 0 0.065805
35.5 0.407471 1.01129 0.066205 0 0 0.066205
35.6 0.411716 0.91293 0.066605 0 0 0.066605
35.7 0.327125 0.781933 0.067005 0 0 0.067005
35.8 0.161252 0.623522 0.067405 0 0 0.067405
35.9 -0.0710836 0.444014 0.067805 0 0 0.067805
36 -0.349129 0.250563 0.068205 0 0 0.068205
36.1 -0.648047 0.0508841 0.068605 0 0 0.068605
36.2 -0.941137 -0.147064 0.069005 0 0 0.069005
36.3 -1.20222 -0.335389 0.069405 0 0 0.069405
36.4 -1.40797 -0.506583 0.069805 0 0 0.069805
36.5 -1.54 -0.653822 0.070205 0 0 0.070205
36.6 -1.58654 -0.771235 0.070605 0 0 0.070605
36.7 -1.54341 -0.854141 0.071005 0 0 0.071005
36.8 -1.41448 -0.899235 0.071405 0 0 0.071405
36.9 -1.21125 -0.90472 0.071805 0 0 0.071805
37 -0.951882 -0.870377 0.072205 0 0 0.072205
37.1 -0.659547 -0.797574 0.072605 0 0 0.072605
37.2 -0.360357 -0.689215 0.073005 0 0 0.073005
37.3 -0.0810354 -0.549619 0.073405 0 0 0.073405
37.4 0.153465 -0.384351 0.073805 0 0 0.073805
37.5 0.322197 -0.200001 0.074205 0 0 0.074205
37.6 0.410089 -0.00391766 0.074605 0 0 0.074605
37.7 0.40929 0.196082 0.075005 0 0 0.075005
37.8 0.319871 0.392024 0.075405 0 0 0.075405
37.9 0.149819 0.576098 0.075805 0 0 0.075805
38 -0.0856753 0.740964 0.076205 0 0 0.076205
38.1 -0.365576 0.880051 0.076605 0 0 0.076605
38.2 -0.66488 0.987812 0.077005 0 0 0.077005
38.3 -0.956851 1.05995 0.077405 0 0 0.077405
38.4 -1.21541 1.0936 0.077805 0 0 0.077805
38.5 -1.41746 1.0874 0.078205 0 0 0.078205
38.6 -1.54495 1.04161 0.078605 0 0 0.078605
38.7 -1.58649 0.958062 0.079005 0 0 0.079005
38.8 -1.53838 0.840075 0.079405 0 0 0.079405
38.9 -1.40491 0.692356 0.079805 0 0 0.079805
39 -1.198 0.520796 0.080205 0 0 0.080205
39.1 -0.936135 0.332232 0.080605 0 0 0.080605
39.2 -0.642709 0.134184 0.081005 0 0 0.081005
39.3 -0.34393 -0.0654539 0.081405 0 0 0.081405
39.4 -0.0664892 -0.258722 0.081805 0 0 0.081805
39.5 0.164832 -0.437917 0.082205 0 0 0.082205
39.6 0.32937 -0.595893 0.082605 0 0 0.082605
39.7 0.412427 -0.726352 0.083005 0 0 0.083005
39.8 0.406583 -0.824095 0.083405 0 0 0.083405
39.9 0.312362 -0.885223 0.083805 0 0 0.083805
40 0.138178 -0.9073 0.084205 0 0 0.084205
40.1 0.0335628 -1.24349 0.0271594 0 0 0.0271594
40.2 -0.12488 -1.16103 0.0163171 0 0 0.0163171
40.3 -0.433344 -1.10475 0.0117898 0 0 0.0117898
40.4 -0.673602 -0.89591 0.00934269 0 0 0.00934269
40.5 -0.946608 -0.6567 0.00783447 0 0 0.00783447
40.6 -1.17537 -0.435157 0.0068287 0 0 0.0068287
40.7 -1.32176 -0.205489 0.0061223 0 0 0.0061223
40.8 -1.39008 -0.00718347 0.00560789 0 0 0.00560789
40.9 -1.32353 0.158491 0.00522335 0 0 0.00522335
41 -1.17186 0.367106 0.00493024 0 0 0.00493024
41.1 -0.96802 0.50669 0.00470348 0 0 0.00470348
41.2 -0.704124 0.653332 0.00452602 0 0 0.00452602
41.3 -0.382964 0.784723 0.00438589 0 0 0.00438589
41.4 -0.0213973 0.872284 0.00427446 0 0 0.00427446
41.5 0.261916 0.894372 0.00418536 0 0 0.00418536
41.6 0.513317 0.901443 0.00411378 0 0 0.00411378
41.7 0.653926 0.871196 0.00405607 0 0 0.00405607
41.8 0.774709 0.812863 0.00400942 0 0 0.00400942
41.9 0.774987 0.698824 0.0039716 0 0 0.0039716
42 0.700685 0.58058 0.0039409 0 0 0.0039409
42.1 0.533412 0.433023 0.00391594 0 0 0.00391594
42.2 0.275496 0.240314 0.00389561 0 0 0.00389561
42.3 -0.0368618 0.0458336 0.00387904 0 0 0.00387904
42.4 -0.320572 -0.125802 0.00386552 0 0 0.00386552
42.5 -0.620636 -0.319024 0.00385448 0 0 0.00385448
42.6 -0.897066 -0.540656 0.00384547 0 0 0.00384547
42.7 -1.07204 -0.725138 0.00383811 0 0 0.00383811
42.8 -1.22659 -0.836387 0.00383209 0 0 0.00383209
42.9 -1.25062 -0.926485 0.00382716 0 0 0.00382716
43 -1.18721 -1.00845 0.00382314 0 0 0.00382314
43.1 -1.08729 -1.07436 0.00381985 0 0 0.00381985
43.2 -0.871643 -1.10084 0.00381715 0 0 0.00381715
43.3 -0.575167 -1.06268 0.00381495 0 0 0.00381495
43.4 -0.276894 -1.0042 0.00381314 0 0 0.00381314
43.5 0.00690995 -0.88247 0.00381166 0 0 0.00381166
43.6 0.308288 -0.746294 0.00381046 0 0 0.00381046
43.7 0.542425 -0.601421 0.00380947 0 0 0.00380947
43.8 0.700224 -0.386863 0.00380866 0 0 0.00380866
43.9 0.742383 -0.197561 0.00380799 0 0 0.00380799
44 0.728367 0.00614136 0.00380745 0 0 0.00380745
44.1 0.63049 0.176927 0.003807 0 0 0.003807
44.2 0.419833 0.344193 0.00380664 0 0 0.00380664
44.3 0.226043 0.526327 0.00380634 0 0 0.00380634
44.4 -0.0676693 0.634443 0.0038061 0 0 0.0038061
44.5 -0.368493 0.740643 0.0038059 0 0 0.0038059
44.6 -0.666799 0.813991 0.00380574 0 0 0.00380574
44.7 -0.89574 0.852839 0.0038056 0 0 0.0038056
44.8 -1.07436 0.84706 0.00380549 0 0 0.00380549
44.9 -1.17305 0.797482 0.0038054 0 0 0.0038054
45 -1.21227 0.707408 0.00380533 0 0 0.00380533
45.1 -1.1076 0.557107 0.00380527 0 0 0.00380527
45.2 -0.971695 0.402074 0.00380522 0 0 0.00380522
45.3 -0.747353 0.229319 0.00380518 0 0 0.00380518
45.4 -0.466143 0.0173819 0.00380515 0 0 0.00380515
45.5 -0.144984 -0.207687 0.00380512 0 0 0.00380512
45.6 0.140629 -0.422952 0.0038051 0 0 0.0038051
45.7 0.386257 -0.586045 0.00380508 0 0 0.00380508
45.8 0.597607 -0.762712 0.00380506 0 0 0.00380506
45.9 0.749263 -0.927068 0.00380505 0 0 0.00380505
46 0.857111 -1.04477 0.00380504 0 0 0.00380504
46.1 0.818325 -1.1558 0.00380503 0 0 0.00380503
46.2 0.747439 -1.19578 0.00380503 0 0 0.00380503
46.3 0.584637 -1.18534 0.00380502 0 0 0.00380502
46.4 0.311321 -1.16552 0.00380502 0 0 0.00380502
46.5 0.0406339 -1.10738 0.00380501 0 0 0.00380501
46.6 -0.28412 -1.0253 0.00380501 0 0 0.00380501
46.7 -0.562876 -0.903931 0.00380501 0 0 0.00380501
46.8 -0.81164 -0.739589 0.00380501 0 0 0.00380501
46.9 -1.01186 -0.546993 0.003805 0 0 0.003805
47 -1.11854 -0.369381 0.003805 0 0 0.003805
47.1 -1.13728 -0.206069 0.003805 0 0 0.003805
47.2 -1.04077 -0.0241601 0.003805 0 0 0.003805
47.3 -0.906296 0.140595 0.003805 0 0 0.003805
47.4 -0.688057 0.33715 0.003805 0 0 0.003805
47.5 -0.439611 0.492918 0.003805 0 0 0.003805
47.6 -0.15869 0.606631 0.003805 0 0 0.003805
47.7 0.132973 0.668114 0.003805 0 0 0.003805
47.8 0.381477 0.705618 0.003805 0 0 0.003805
47.9 0.594426 0.729197 0.003805 0 0 0.003805
48 0.747976 0.694537 0.003805 0 0 0.003805
48.1 0.799447 0.629926 0.003805 0 0 0.003805
48.2 0.790006 0.538424 0.003805 0 0 0.003805
48.3 0.65345 0.361168 0.003805 0 0 0.003805
48.4 0.486235 0.166735 0.003805 0 0 0.003805
48.5 0.247259 -0.04005 0.003805 0 0 0.003805
48.6 -0.026943 -0.253774 0.003805 0 0 0.003805
48.7 -0.312409 -0.451897 0.003805 0 0 0.003805
48.8 -0.610369 -0.708452 0.003805 0 0 0.003805
48.9 -0.852424 -0.865366 0.003805 0 0 0.003805
49 -1.03985 -0.990242 0.003805 0 0 0.003805
49.1 -1.12753 -1.11628 0.003805 0 0 0.003805
49.2 -1.1355 -1.24191 0.003805 0 0 0.003805
49.3 -1.07306 -1.31459 0.003805 0 0 0.003805
49.4 -0.908576 -1.34547 0.003805 0 0 0.003805
49.5 -0.678541 -1.32922 0.003805 0 0 0.003805
49.6 -0.387127 -1.29037 0.003805 0 0 0.003805
49.7 -0.0912777 -1.17745 0.003805 0 0 0.003805
49.8 0.227133 -1.05392 0.003805 0 0 0.003805
49.9 0.470413 -0.93064 0.003805 0 0 0.003805
50 0.692958 -0.752629 0.003805 0 0 0.003805
50.1 0.815493 -0.523092 0.003805 0 0 0.003805
50.2 0.849827 -0.340793 0.003805 0 0 0.003805
50.3 0.793753 -0.134578 0.003805 0 0 0.003805
50.4 0.691376 0.0468357 0.003805 0 0 0.003805
50.5 0.508901 0.240805 0.003805 0 0 0.003805
50.6 0.283258 0.412856 0.003805 0 0 0.003805
50.7 0.019457 0.544193 0.003805 0 0 0.003805
50.8 -0.292382 0.626398 0.003805 0 0 0.003805
50.9 -0.612303 0.71222 0.003805 0 0 0.003805
51 -0.83604 0.748166 0.003805 0 0 0.003805
51.1 -1.01127 0.720733 0.003805 0 0 0.003805
51.2 -1.1103 0.673608 0.003805 0 0 0.003805
51.3 -1.11356 0.572839 0.003805 0 0 0.003805
51.4 -1.04004 0.445692 0.003805 0 0 0.003805
51.5 -0.881261 0.275853 0.003805 0 0 0.003805
51.6 -0.629161 0.0726637 0.003805 0 0 0.003805
51.7 -0.347009 -0.116907 0.003805 0 0 0.003805
51.8 -0.0624372 -0.288449 0.003805 0 0 0.003805
51.9 0.252389 -0.462995 0.003805 0 0 0.003805
52 0.48688 -0.639222 0.003805 0 0 0.003805
52.1 0.70985 -0.861296 0.003805 0 0 0.003805
52.2 0.852213 -1.01693 0.003805 0 0 0.003805
52.3 0.894126 -1.13858 0.003805 0 0 0.003805
52.4 0.844219 -1.21608 0.003805 0 0 0.003805
52.5 0.705126 -1.29876 0.003805 0 0 0.003805
52.6 0.526646 -1.27979 0.003805 0 0 0.003805
52.7 0.282021 -1.27596 0.003805 0 0 0.003805
52.8 -0.0124483 -1.20257 0.003805 0 0 0.003805
52.9 -0.320125 -1.06988 0.003805 0 0 0.003805
53 -0.598848 -0.955031 0.003805 0 0 0.003805
53.1 -0.860785 -0.780128 0.003805 0 0 0.003805
53.2 -1.03847 -0.587541 0.003805 0 0 0.003805
53.3 -1.15587 -0.381983 0.003805 0 0 0.003805
53.4 -1.21259 -0.197296 0.003805 0 0 0.003805
53.5 -1.09603 0.0133064 0.003805 0 0 0.003805
53.6 -0.935896 0.212808 0.003805 0 0 0.003805
53.7 -0.722609 0.375612 0.003805 0 0 0.003805
53.8 -0.447412 0.491799 0.003805 0 0 0.003805
53.9 -0.161344 0.593511 0.003805 0 0 0.003805
54 0.141906 0.676323 0.003805 0 0 0.003805
54.1 0.400258 0.738027 0.003805 0 0 0.003805
54.2 0.586835 0.739907 0.003805 0 0 0.003805
54.3 0.74746 0.725464 0.003805 0 0 0.003805
54.4 0.775931 0.657572 0.003805 0 0 0.003805
54.5 0.701097 0.538047 0.003805 0 0 0.003805
54.6 0.583132 0.442193 0.003805 0 0 0.003805
54.7 0.360973 0.263966 0.003805 0 0 0.003805
54.8 0.0867602 0.105821 0.003805 0 0 0.003805
54.9 -0.204134 -0.0830091 0.003805 0 0 0.003805
55 -0.469522 -0.283764 0.003805 0 0 0.003805
55.1 -0.753599 -0.466942 0.003805 0 0 0.003805
55.2 -1.01404 -0.656099 0.003805 0 0 0.003805
55.3 -1.1656 -0.818077 0.003805 0 0 0.003805
55.4 -1.23656 -0.966669 0.003805 0 0 0.003805
55.5 -1.22207 -1.02214 0.003805 0 0 0.003805
55.6 -1.11061 -1.07183 0.003805 0 0 0.003805
55.7 -0.919765 -1.10126 0.003805 0 0 0.003805
55.8 -0.694737 -1.08536 0.003805 0 0 0.003805
55.9 -0.423764 -1.03671 0.003805 0 0 0.003805
56 -0.126433 -0.932577 0.003805 0 0 0.003805
56.1 0.196733 -0.81947 0.003805 0 0 0.003805
56.2 0.426761 -0.687381 0.003805 0 0 0.003805
56.3 0.630276 -0.513154 0.003805 0 0 0.003805
56.4 0.723559 -0.316537 0.003805 0 0 0.003805
56.5 0.762405 -0.124035 0.003805 0 0 0.003805
56.6 0.727474 0.0525779 0.003805 0 0 0.003805
56.7 0.584816 0.258517 0.003805 0 0 0.003805
56.8 0.336227 0.389121 0.003805 0 0 0.003805
56.9 0.0830136 0.545187 0.003805 0 0 0.003805
57 -0.239237 0.660567 0.003805 0 0 0.003805
57.1 -0.545246 0.775594 0.003805 0 0 0.003805
57.2 -0.818161 0.853747 0.003805 0 0 0.003805
57.3 -1.06003 0.883469 0.003805 0 0 0.003805
57.4 -1.23911 0.874848 0.003805 0 0 0.003805
57.5 -1.32017 0.784252 0.003805 0 0 0.003805
57.6 -1.34587 0.72588 0.003805 0 0 0.003805
57.7 -1.26398 0.568657 0.003805 0 0 0.003805
57.8 -1.1036 0.402058 0.003805 0 0 0.003805
57.9 -0.832247 0.21672 0.003805 0 0 0.003805
58 -0.583697 0.0253346 0.003805 0 0 0.003805
58.1 -0.285153 -0.143734 0.003805 0 0 0.003805
58.2 0.0218061 -0.348533 0.003805 0 0 0.003805
58.3 0.283539 -0.548413 0.003805 0 0 0.003805
58.4 0.478473 -0.72307 0.003805 0 0 0.003805
58.5 0.581516 -0.874583 0.003805 0 0 0.003805
58.6 0.638962 -0.975462 0.003805 0 0 0.003805
58.7 0.581387 -1.07176 0.003805 0 0 0.003805
58.8 0.415504 -1.1317 0.003805 0 0 0.003805
58.9 0.23 -1.1618 0.003805 0 0 0.003805
59 -0.0310231 -1.12446 0.003805 0 0 0.003805
59.1 -0.293933 -1.02931 0.003805 0 0 0.003805
59.2 -0.594455 -0.896763 0.003805 0 0 0.003805
59.3 -0.847413 -0.769598 0.003805 0 0 0.003805
59.4 -1.05692 -0.602007 0.003805 0 0 0.003805
59.5 -1.19239 -0.400914 0.003805 0 0 0.003805
59.6 -1.27885 -0.180129 0.003805 0 0 0.003805
59.7 -1.29449 -0.012325 0.003805 0 0 0.003805
59.8 -1.21134 0.176115 0.003805 0 0 0.003805
59.9 -1.0588 0.355808 0.003805 0 0 0.003805
