0 0.0521454 0.137606
0.1 -0.284901 0.236583
0.2 -0.282202 0.620203
0.3 -0.757488 0.56143
0.4 -0.983314 0.877483
0.5 -1.17799 0.775513
0.6 -1.42366 1.23782
0.7 -1.5017 1.01485
0.8 -1.6881 1.48613
0.9 -1.5567 0.852581
1 -1.83729 0.760312
1.1 -1.83309 0.634841
1.2 -1.73307 0.625019
1.3 -1.75474 0.648491
1.4 -1.60988 0.255555
1.5 -1.09833 0.0993606
1.6 -0.745598 -0.294905
1.7 -0.134674 -0.372065
1.8 -0.451383 -0.436795
1.9 -0.0188267 -0.665175
2 0.666147 -0.909354
2.1 -0.00348516 -0.901803
2.2 -0.188664 -0.991756
2.3 -0.425384 -0.934391
2.4 -0.528151 -0.898019
2.5 -0.80658 -1.18366
2.6 -0.821987 -0.966519
2.7 -1.58602 -0.530137
2.8 -1.61574 -0.848867
2.9 -2.15315 -0.641563
3 -1.92412 -0.262571
3.1 -1.89972 -0.14191
3.2 -1.75572 0.143713
3.3 -1.72523 0.351857
3.4 -1.7671 0.378855
3.5 -1.28146 0.892109
3.6 -1.01411 0.798604
3.7 -0.76299 0.915078
3.8 -0.123533 1.33326
3.9 -0.221637 1.01072
4 0.22621 0.972473
4.1 0.113233 0.971491
4.2 -0.00530481 0.823582
4.3 -0.102211 0.712338
4.4 -0.106178 0.24098
4.5 -0.137855 0.577444
4.6 -0.444118 -0.104323
4.7 -1.18941 -0.308019
4.8 -1.18642 -0.472175
4.9 -1.83543 -0.420453
5 -1.46708 -0.713471
5.1 -1.72442 -0.547432
5.2 -1.84988 -0.80321
5.3 -1.85738 -0.956987
5.4 -1.32508 -0.850254
5.5 -1.70362 -0.699568
5.6 -1.4656 -0.941136
5.7 -0.793504 -0.787573
5.8 -0.334004 -0.283074
5.9 -0.603182 -0.70346
6 0.120226 -0.546135
6.1 0.120998 -0.39041
6.2 0.258447 0.0405942
6.3 -0.0263346 0.128582
6.4 0.204961 0.32937
6.5 0.207123 0.601453
6.6 -0.2339 0.879167
6.7 -0.850235 0.925577
6.8 -0.735884 1.05816
6.9 -0.75182 0.765569
7 -1.54975 1.05697
7.1 -1.60252 1.13166
7.2 -1.93799 1.23458
7.3 -1.65309 0.830481
7.4 -1.78921 0.762825
7.5 -1.3326 0.749169
7.6 -1.31451 0.312902
7.7 -1.19441 0.307869
7.8 -0.294505 -0.199281
7.9 -1.10566 -0.0304256
8 -0.242824 -0.515108
8.1 0.156647 -0.470362
8.2 0.0735748 -0.755882
8.3 0.398764 -0.991337
8.4 0.178168 -0.462144
8.5 -0.118832 -0.322697
8.6 -0.324214 -1.08328
8.7 -0.314125 -1.04023
8.8 -0.986531 -0.714032
8.9 -0.83444 -1.09177
9 -1.00544 -0.456172
9.1 -1.51478 -0.714635
9.2 -1.52846 -0.398032
9.3 -1.64521 -0.297001
9.4 -1.35834 -0.088725
9.5 -1.57687 0.204041
9.6 -1.48854 0.482692
9.7 -1.55191 0.0705338
9.8 -1.46646 0.671814
9.9 -0.707029 0.845226
10 -0.786708 1.10746
10.1 -0.519361 1.1406
10.2 -0.187418 1.22313
10.3 0.144939 0.761032
10.4 0.551698 1.06666
10.5 0.221048 0.818974
10.6 0.0698805 0.589411
10.7 -0.0344835 0.435523
10.8 0.0563652 0.740531
10.9 -0.409335 0.0282061
11 -0.740153 0.0125565
11.1 -1.39994 -0.196172
11.2 -1.61556 -0.102408
11.3 -1.58588 -0.535473
11.4 -1.66522 -0.535948
11.5 -1.58496 -0.829754
11.6 -1.54452 -0.739362
11.7 -1.10399 -1.03292
11.8 -1.32929 -1.48856
11.9 -1.02382 -0.800703
12 -0.525887 -1.0648
12.1 -0.383156 -0.348824
12.2 -0.109461 0.0045498
12.3 0.211961 -0.142466
12.4 0.360287 -0.371201
12.5 0.459497 -0.185184
12.6 0.345812 0.242132
12.7 0.358899 0.55172
12.8 -0.248113 0.389656
12.9 -0.0788347 1.01381
13 -0.748367 1.35166
13.1 -0.485024 0.703807
13.2 -1.18077 1.13952
13.3 -1.51916 1.10641
13.4 -1.52004 0.928084
13.5 -1.73509 1.0807
13.6 -1.42285 0.809281
13.7 -1.69266 0.820032
13.8 -1.31382 0.570263
13.9 -1.19201 0.869391
14 -1.0464 0.268481
14.1 -0.426691 -0.0877067
14.2 -0.504114 -0.351234
14.3 0.209806 -0.478614
14.4 0.0518078 -0.339678
14.5 0.57841 -0.538382
14.6 0.534387 -0.394564
14.7 0.528937 -1.26
14.8 0.387504 -0.782339
14.9 0.126476 -0.875186
15 -0.52962 -0.74661
15.1 -0.433322 -0.834342
15.2 -0.559184 -0.541411
15.3 -1.12654 -0.844943
15.4 -1.1067 -0.928996
15.5 -1.5524 -0.359771
15.6 -1.63178 -0.26506
15.7 -1.80134 0.116421
15.8 -1.28294 -0.356126
15.9 -1.58339 0.224866
16 -1.05138 0.366971
16.1 -0.678169 0.856955
16.2 -0.402698 1.10306
16.3 -0.325323 0.81963
16.4 -0.0244009 1.24809
16.5 0.326668 0.82292
16.6 0.236696 0.947942
16.7 0.22259 1.28755
16.8 0.567974 0.705433
16.9 0.192757 1.00945
17 -0.161338 0.455751
17.1 -0.329017 0.425915
17.2 -0.416914 0.233942
17.3 -0.810613 -0.148588
17.4 -0.793174 -0.183214
17.5 -1.09074 -0.505007
17.6 -1.49697 -0.710783
17.7 -1.19956 -0.489225
17.8 -1.34285 -1.1293
17.9 -1.41869 -1.17293
18 -1.16631 -0.880343
18.1 -1.07788 -0.949237
18.2 -0.752263 -0.823269
18.3 -0.597363 -0.3735
18.4 -0.518436 -0.85773
18.5 -0.230929 -0.462168
18.6 0.276581 -0.510427
18.7 0.469501 -0.248916
18.8 -0.309277 -0.173749
18.9 0.451052 0.290027
19 0.168945 0.228002
19.1 0.234579 0.843539
19.2 -0.33286 0.747209
19.3 -0.48347 1.02509
19.4 -1.0257 0.958457
19.5 -0.930818 1.04094
19.6 -1.09348 1.11031
19.7 -1.68451 0.964504
19.8 -1.52914 1.20798
19.9 -1.42897 1.1398
40.1 0.096902 -1.41088
40.2 0.0539814 -1.12419
40.3 -0.45454 -1.19505
40.4 -0.507849 -0.62805
40.5 -1.01658 -0.312347
40.6 -1.32339 -0.220088
40.7 -1.45168 0.00221117
40.8 -1.58496 -0.0135151
40.9 -1.23389 -0.0606957
41 -1.07439 0.499977
41.1 -1.01827 0.250646
41.2 -0.707194 0.622727
41.3 -0.165953 0.86595
41.4 0.507534 0.873711
41.5 0.328918 0.656311
41.6 0.71679 0.872089
41.7 0.479454 0.864145
41.8 1.15697 0.901116
41.9 0.876262 0.609222
42 0.926644 0.743089
42.1 0.634702 0.570035
42.2 0.124376 0.144512
42.3 -0.306771 0.0511178
42.4 -0.169969 0.138852
42.5 -0.719802 -0.284769
42.6 -1.11456 -0.876083
42.7 -0.888247 -0.884004
42.8 -1.56881 -0.540452
42.9 -1.17974 -0.72039
43 -1.13645 -1.05791
43.1 -1.48994 -1.33378
43.2 -0.856928 -1.36364
43.3 -0.292147 -1.08909
43.4 -0.249252 -1.19914
43.5 -0.125024 -0.808651
43.6 0.573564 -0.823754
43.7 0.631437 -0.830261
43.8 0.717215 -0.123612
43.9 0.446246 -0.27355
44 0.746522 0.0425309
44.1 0.686269 -0.0483738
44.2 0.150191 0.210377
44.3 0.708866 0.727614
44.4 -0.150635 0.386627
44.5 -0.376772 0.780251
44.6 -0.763636 0.885518
44.7 -0.690139 0.96556
44.8 -0.960274 0.914912
44.9 -1.03093 0.823439
45 -1.33318 0.70304
45.1 -0.711075 0.300756
45.2 -1.0758 0.374826
45.3 -0.683216 0.249908
45.4 -0.349161 -0.184644
45.5 0.0924073 -0.456862
45.6 0.031983 -0.576517
45.7 0.141743 -0.316511
45.8 0.502055 -0.768037
45.9 0.749037 -1.02784
46 1.23221 -0.972631
46.1 0.648751 -1.33852
46.2 1.10489 -1.05582
46.3 0.807945 -0.939677
46.4 0.0652998 -1.21049
46.5 0.191274 -1.15825
46.6 -0.519593 -1.19481
46.7 -0.487519 -1.00816
46.8 -0.821291 -0.693389
46.9 -1.14063 -0.429854
47 -1.09688 -0.524237
47.1 -1.11124 -0.552893
47.2 -0.768618 -0.174255
47.3 -1.06569 -0.0778747
47.4 -0.714707 0.587162
47.5 -0.655203 0.585504
47.6 -0.311263 0.585119
47.7 0.0890087 0.479672
47.8 0.185145 0.649842
47.9 0.546758 0.91815
48 0.807364 0.7081
48.1 0.685077 0.723512
48.2 0.947419 0.712886
48.3 0.430802 0.0149408
48.4 0.704936 -0.101283
48.5 0.354688 -0.246998
48.6 0.104096 -0.418334
48.7 -0.174515 -0.434153
48.8 -0.732218 -1.28847
48.9 -0.825649 -0.613662
49 -1.08466 -0.61943
49.1 -0.970027 -1.00432
49.2 -1.05485 -1.42607
49.3 -1.17167 -1.33545
49.4 -0.823765 -1.33587
49.5 -0.625123 -1.25039
49.6 -0.214168 -1.37271
49.7 -0.10826 -0.913393
49.8 0.445523 -1.01471
49.9 0.245947 -1.1744
50 0.769843 -0.699866
50.1 0.621855 -0.138865
50.2 0.619416 -0.492886
50.3 0.55533 -0.070927
50.4 0.838148 -0.0615281
50.5 0.619292 0.388904
50.6 0.543632 0.557126
50.7 0.262502 0.565347
50.8 -0.406528 0.493335
50.9 -0.958348 0.963168
51 -0.663073 0.896836
51.1 -0.978368 0.646379
51.2 -1.10597 0.784359
51.3 -1.03605 0.523432
51.4 -1.07972 0.45927
51.5 -0.891453 0.148451
51.6 -0.397394 -0.166173
51.7 -0.281596 -0.0879289
51.8 -0.192311 -0.0227531
51.9 0.445412 -0.236285
52 0.201077 -0.514164
52.1 0.824614 -1.32984
52.2 0.889566 -1.07648
52.3 0.78295 -1.15445
52.4 0.712152 -1.13719
52.5 0.546605 -1.62682
52.6 0.711363 -1.01695
52.7 0.387276 -1.53633
52.8 -0.0488544 -1.16868
52.9 -0.396654 -0.812773
53 -0.569045 -1.16859
53.1 -1.07989 -0.671206
53.2 -1.06776 -0.497217
53.3 -1.37155 -0.285655
53.4 -1.69159 -0.342769
53.5 -0.772507 0.146922
53.6 -0.973668 0.347937
53.7 -0.890979 0.339048
53.8 -0.46686 0.252365
53.9 -0.281797 0.51057
54 0.234318 0.749668
54.1 0.36442 0.975129
54.2 0.389822 0.786422
54.3 1.00129 0.994065
54.4 0.58417 0.778918
54.5 0.379495 0.498811
54.6 0.669233 0.914948
54.7 0.165987 0.184771
54.8 -0.0646813 0.384849
54.9 -0.195038 0.000217043
55 -0.14656 -0.292805
55.1 -0.791542 -0.363396
55.2 -1.24826 -0.737631
55.3 -0.985572 -0.837761
55.4 -1.05628 -1.11634
55.5 -1.07164 -0.593759
55.6 -0.881625 -0.934196
55.7 -0.705298 -1.14115
55.8 -0.781734 -1.07375
55.9 -0.50135 -1.08765
56 -0.14375 -0.809531
56.1 0.488893 -0.930115
56.2 0.145186 -0.889263
56.3 0.629352 -0.52784
56.4 0.379909 -0.265244
56.5 0.716751 -0.186354
56.6 0.832923 -0.159872
56.7 0.479327 0.401485
56.8 -0.0749159 -0.0356675
56.9 0.155382 0.577927
57 -0.517703 0.579475
57.1 -0.612272 1.01134
57.2 -0.767493 1.09314
57.3 -1.14758 1.03668
57.4 -1.36058 1.04299
57.5 -1.28185 0.542308
57.6 -1.62575 1.13546
57.7 -1.3621 0.344433
57.8 -1.21839 0.344487
57.9 -0.508243 0.175855
58 -0.89179 0.0532336
58.1 -0.294149 0.149056
58.2 0.170898 -0.418804
58.3 0.327953 -0.669945
58.4 0.431425 -0.773679
58.5 0.37417 -0.938258
58.6 0.817771 -0.845617
58.7 0.51879 -1.22989
58.8 0.132038 -1.30585
58.9 0.453644 -1.4296
59 -0.00958117 -1.12904
59.1 0.00200941 -0.848081
59.2 -0.613685 -0.694783
59.3 -0.625211 -0.911749
59.4 -0.867204 -0.598633
59.5 -0.939196 -0.254432
59.6 -1.33799 0.0485108
59.7 -1.52665 -0.318233
59.8 -1.34302 0.111791
59.9 -1.2872 0.32758
