16.645052
19.759843
1.776674
18.890798
13.826473
9.081755
12.977185
1.689731
12.417323
4.001982
2.618707
12.289865
19.863911
14.934806
4.165564
3.460919
3.272323
12.515951
7.728838
15.770285
13.866340
18.397623
14.914102
15.351238
14.340555
17.654260
19.114694
18.915895
1.090898
4.521567
14.320934
17.736951
4.282410
16.098608
16.628749
18.109883
5.181363
9.606934
19.800614
17.599686
13.609916
2.420321
9.890551
13.474827
17.356128
14.057114
16.936746
0.629451
6.574065
4.666583
16.400735
0.441405
3.065207
11.315837
15.793644
17.406762
8.971097
14.909337
16.323657
10.062995
19.431904
10.645591
7.800946
3.715315
6.745198
4.430695
1.826197
11.927561
14.038629
1.627811
9.528247
7.649545
4.049133
19.419798
1.125372
1.406260
13.477913
18.063118
2.036711
0.052978
2.730701
18.438446
0.495383
5.796907
9.755283
16.290027
3.204669
18.727380
11.200365
19.529326
8.791376
10.633269
10.175917
16.593322
14.349583
16.922115
1.025017
16.176781
8.850676
15.064646
17.805592
18.379924
2.715191
1.855725
17.800722
3.841564
3.262985
11.279635
1.905682
5.300696
11.333613
4.637382
3.740142
11.829996
10.435290
13.496426
8.121024
13.640959
12.224806
19.322388
13.171285
1.017182
9.956657
3.348202
17.611504
4.307241
0.271316
18.637521
0.485021
9.122993
13.703167
18.291613
7.503916
16.419358
0.148338
5.305638
0.261922
3.412323
16.586273
2.168603
8.714019
7.920886
6.806986
12.455161
19.751882
17.243276
5.952587
7.873906
10.885235
18.178393
7.197294
4.057520
19.196574
17.154951
7.406721
16.809078
1.463192
7.679038
15.447598
1.949213
16.803030
9.151765
0.241826
4.307947
5.572123
0.391164
9.614585
5.835045
3.804487
6.201858
8.004648
12.519505
14.123744
14.812634
4.975666
13.876627
12.056909
10.929253
1.751533
2.943144
9.108646
8.949827
7.001664
8.306220
6.105778
14.409385
5.116297
7.569969
2.089422
0.564895
9.520182
18.893453
9.717660
9.763008
3.202400
15.290783
10.155172
12.817985
1.126828
13.960658
19.020843
9.132476
6.481164
13.145588
3.946110
11.457830
7.023214
16.004019
2.388083
8.775747
18.948163
11.497728
17.726573
5.950827
19.804948
3.833351
0.361211
4.922245
11.404320
2.451634
5.488141
0.925502
1.346086
15.206801
10.689510
4.549486
10.498584
0.845682
17.368471
11.626412
14.807340
16.390314
0.759888
1.289503
9.536901
4.706998
12.748333
16.561115
0.712017
15.137416
5.337862
19.661180
6.636145
3.065436
5.613007
6.442093
6.899787
5.975218
11.365338
18.305107
8.427852
16.854478
19.231609
9.774938
12.062279
9.922119
14.325424
2.561863
10.768800
11.694894
14.189275
5.577140
8.086208
14.950163
6.867643
17.624109
19.658161
19.616977
14.186225
0.371178
14.755393
19.525087
0.033358
1.392537
2.591523
5.647365
7.835630
9.492309
11.623583
19.201968
7.798416
0.052435
16.057446
7.031025
9.828373
8.120725
16.954144
4.154796
10.683588
7.723944
15.850691
4.873863
13.302084
3.937899
19.825026
0.170728
1.563008
19.484187
19.788704
15.750233
19.856365
14.545097
15.276320
19.890722
15.938634
17.868843
5.539087
3.775264
7.362152
17.163670
2.978232
15.161568
17.217105
19.036678
2.193593
7.046477
7.158402
19.148737
11.202274
17.842990
6.873681
7.053965
2.717853
0.176765
10.992864
2.543879
0.348493
12.556872
2.029066
0.138197
8.308105
1.886430
14.684294
3.585425
1.778153
10.623928
1.455268
7.318240
14.400193
8.818420
4.482910
17.379424
3.980988
1.701014
16.417102
6.175581
8.748491
3.576504
5.325318
19.951765
1.420494
12.199998
7.006730
4.139347
12.377763
18.000593
6.684226
12.727256
10.558465
8.714292
12.866453
18.867570
10.601722
7.551747
2.453995
12.380874
18.176676
3.910263
19.700114
12.577868
12.729683
4.184024
9.958293
16.711672
5.886038
6.376394
2.888253
14.635530
9.953898
8.214571
14.588295
11.375393
0.415569
1.596024
15.515740
12.794332
19.597617
2.200966
5.522589
10.157082
10.916258
18.390042
9.025652
1.518980
5.942789
11.480648
13.900854
4.120464
15.391911
13.601969
16.699333
8.122594
17.786992
6.658625
4.835266
3.674031
13.036019
7.724519
18.310560
2.990918
15.940090
12.899855
14.367311
16.356659
14.496879
9.884051
9.151991
14.095496
12.086017
14.675580
4.253579
3.003275
13.066621
13.280231
4.523255
19.010410
4.761879
18.425110
3.131874
0.154790
12.028078
19.832207
8.278384
9.816071
6.491832
13.114650
13.491101
19.528852
0.840169
11.802662
2.520769
16.781259
4.703517
16.889080
13.138917
19.201396
6.774131
2.291908
13.297892
18.861148
16.968488
17.552471
1.865424
10.036109
10.833702
6.389679
9.047519
15.596581
4.815789
12.180394
15.752371
16.844867
12.013601
4.031755
6.661938
18.506433
17.147405
0.154039
18.036284
17.988574
11.957701
0.558054
14.770833
16.662217
17.448134
7.910750
15.864613
4.223265
10.203658
9.163505
3.085413
7.173146
6.716976
4.951837
17.210256
17.551678
11.342516
6.258775
13.149259
16.159305
18.440169
8.902630
13.005172
10.454769
12.935385
19.668109
8.962202
10.083790
19.823148
6.999487
8.073364
11.781849
7.558540
2.845196
8.445067
5.007674
10.756946
4.310680
9.231939
0.961605
13.475185
12.318352
8.135751
0.193161
17.271189
5.347007
17.745840
8.614705
11.606782
10.896099
4.775009
10.047951
19.799729
17.781181
0.503720
12.736113
17.450290
9.466922
2.820903
17.274439
16.467409
10.895266
9.057288
4.026949
13.741463
17.503355
9.035623
4.499409
1.815034
18.268562
5.462013
15.291219
10.587914
13.598764
15.485380
7.860104
18.946771
13.232220
16.475809
10.554553
4.129319
1.251818
0.603503
3.930048
19.033999
1.108223
16.667161
16.485289
10.576145
19.489064
13.760728
7.044554
10.385330
2.819016
11.072503
4.127793
0.323371
0.109126
8.628202
2.139405
18.378688
14.091215
17.431625
8.967603
7.690979
12.918005
16.828706
6.638750
6.151225
13.305515
17.194303
10.281544
14.558333
17.798806
14.212591
13.593332
18.908029
10.880752
10.079621
9.485174
10.370816
3.841349
16.530728
0.757147
6.661366
7.604231
4.885940
6.985736
7.714358
13.515141
9.126142
6.094046
7.607356
6.558766
15.062649
15.299335
19.477771
11.892355
1.939085
5.629996
5.198870
19.134388
15.912540
19.758203
16.934193
10.126132
13.352535
15.843222
1.007884
3.433156
5.329396
11.379701
7.275506
1.861125
12.137847
13.937871
9.466356
17.024787
0.924608
17.181714
10.540928
10.051749
3.276760
18.149285
16.611516
18.340409
13.449620
16.090287
10.233764
15.389705
1.721284
15.433634
14.525093
17.634824
15.192837
11.460286
7.761955
8.546372
7.304508
8.770840
11.980529
12.634905
0.151540
19.257034
14.497030
12.290387
13.195905
3.964386
9.316174
14.121513
1.147100
19.858103
4.174263
4.424859
18.008387
0.786778
2.766268
11.459007
16.878065
13.001032
6.849712
18.600349
8.435666
1.375805
16.236173
3.629503
12.837091
3.999128
12.176875
0.142599
12.770968
4.158404
12.778504
12.923508
3.416438
7.276534
5.214895
16.613343
11.241920
14.532070
10.735856
12.390019
14.391173
14.911119
16.815879
12.400560
15.698897
19.583146
3.860567
12.577963
12.585178
10.711279
11.179312
1.021844
12.088084
7.416484
4.652347
4.926174
11.416613
16.830222
5.069774
4.188581
0.989626
17.849278
17.113089
4.407064
5.126811
2.328984
1.021407
16.369731
16.862054
11.758264
8.760750
11.254226
6.670383
5.577629
3.655786
2.370280
5.161775
7.517353
14.949243
17.747954
18.229632
6.129554
18.770798
10.318716
13.547039
3.424145
15.245891
4.964651
0.255367
0.316664
9.154232
1.245993
18.166942
6.268321
5.654057
3.294753
8.598304
6.676464
19.665484
5.461358
18.435728
8.427235
16.716585
5.107111
14.005864
0.373371
7.478391
19.168639
7.891725
2.428633
16.917593
6.122357
8.559188
15.689390
16.442073
2.107226
19.114535
11.688964
7.072878
19.370902
12.006628
16.228110
0.617895
10.174570
2.497430
6.272952
13.470323
11.096735
12.950416
13.136807
16.559093
11.387144
1.565042
13.276678
16.495255
15.571906
13.651049
3.974646
14.741545
1.543774
6.404279
11.660138
7.667131
14.964467
7.350528
4.110204
17.072693
6.466064
15.800168
4.146571
5.837966
7.807796
0.375681
6.456861
17.983365
2.874111
12.730813
11.454688
13.971846
5.682229
4.592496
10.531939
17.070374
6.158538
3.809617
13.566629
1.731444
17.461666
17.542275
16.473989
19.006440
3.947554
8.135127
6.674571
18.913020
15.486655
10.785775
15.986713
1.953719
6.586943
0.134284
7.792685
14.395739
0.510964
14.250545
12.380104
3.386075
6.982358
3.835792
17.358921
12.665588
8.429288
7.891860
9.736961
14.588826
11.702477
3.304590
16.321270
9.165143
0.847865
12.796259
8.172584
4.796419
0.932386
14.848155
3.710439
16.420041
5.634930
19.698152
18.374760
12.222874
19.833436
6.168445
6.619612
0.345400
0.419990
19.000716
3.732475
7.403348
2.837509
1.092396
0.069936
11.267796
8.985256
9.807897
5.857622
0.688733
13.113488
2.179892
9.854876
13.962353
14.977150
18.028459
18.759771
15.910536
12.877614
2.471210
12.331577
18.513545
2.170362
10.707337
10.737418
2.004797
16.876782
17.358031
2.351197
17.297772
16.359747
6.084672
4.702120
19.198256
7.178068
4.773056
10.467052
16.164323
14.581954
16.325674
16.854056
7.696441
18.506566
6.709932
1.659794
13.484716
4.739391
0.420565
9.396252
17.618006
2.892775
1.728829
16.132550
5.064137
12.437167
6.870968
7.069934
9.314949
4.229999
9.422131
6.613721
0.590746
15.507803
11.316841
19.790002
2.686871
16.090897
10.258054
18.852194
10.673851
6.584728
15.707250
18.371292
5.092294
2.418182
0.032086
18.578010
7.158574
0.453651
7.975262
4.777579
3.347426
9.705091
0.911129
8.412563
2.143258
7.783097
15.483497
11.459206
12.014096
4.906628
18.073927
12.605842
0.415432
9.391768
12.396844
3.103303
5.483665
2.655898
1.956497
16.158516
9.241626
17.664747
14.530808
14.334919
0.083930
14.563894
12.913929
7.243503
15.018545
0.890191
12.022082
18.366971
10.596282
12.934212
6.780534
12.740540
0.718309
2.265031
4.200746
12.733406
7.172660
2.275673
5.340248
7.589091
11.668441
17.738092
10.693394
17.153106
0.394990
12.650891
13.312621
9.637616
10.316638
7.844430
3.973535
10.401568
2.409324
16.888464
17.646071
17.428869
17.779655
9.669153
15.796840
8.376936
2.604365
2.578374
1.118476
3.323674
4.844405
5.320222
16.058080
12.018065
7.596895
1.399328
