7.388036
3.617342
8.764890
19.916364
5.268408
6.251027
4.891525
3.238462
18.775026
5.566266
5.568462
7.419290
12.438875
1.909730
1.040919
17.361663
5.176294
8.525520
2.345961
18.423312
16.583949
1.656842
13.036807
7.391425
6.773233
14.460648
17.877630
4.437004
19.029394
19.766111
2.271394
6.418430
3.384453
11.037284
6.335794
8.653862
17.289311
11.228319
11.893324
16.065338
16.795586
17.462786
3.485627
9.235461
19.373516
4.527547
6.598123
4.550811
13.054067
8.945084
2.975123
9.639016
10.602926
16.012930
17.031441
17.377159
10.474578
14.910071
1.815162
9.504972
14.677182
4.087557
15.924402
18.062635
15.125841
2.261196
6.717497
12.416152
13.490516
18.611821
8.482490
10.287101
16.075607
11.969117
19.523562
15.450123
16.497664
6.122686
0.001934
9.552731
15.068769
2.978057
19.192746
5.672695
18.991986
16.225187
3.050853
9.467564
11.136258
4.867016
18.973537
5.814440
8.955573
14.898939
3.878075
4.082413
17.161135
10.596572
16.499565
10.652651
9.209393
4.983055
0.940752
5.286000
16.953172
0.465314
0.737123
13.451836
6.588999
0.740057
3.005567
1.658769
3.719114
2.199313
7.332464
2.712100
18.425500
10.384317
12.180665
9.562759
15.252333
11.155201
15.378199
4.208906
6.055140
19.257274
8.292319
3.217275
9.854846
4.792884
13.870926
19.065239
9.776939
14.812678
4.352239
6.731112
15.278992
5.090363
0.183948
1.868991
5.831420
3.190515
3.528760
9.551534
5.390828
10.862224
12.264634
3.817329
1.247541
4.446299
13.381087
16.500874
15.602501
8.760286
0.710780
1.658641
8.018560
9.004099
4.876916
17.874406
13.797983
18.748842
16.940645
3.575923
13.562519
1.293884
10.308034
8.842511
6.385247
10.492982
10.712502
12.217667
13.684497
14.242262
1.770201
19.076325
5.105485
14.035835
2.894654
6.354026
18.483134
16.276741
2.855900
14.086634
5.038027
3.567680
15.746275
13.057587
12.572779
0.624191
10.932992
6.371763
19.374033
7.874637
9.948685
12.937552
9.169522
0.257719
1.781063
15.555769
10.751701
12.494565
7.774436
4.437198
6.737827
9.545636
3.514524
11.844312
3.582471
6.410178
18.199338
2.066605
2.687919
1.056239
16.154239
7.726946
4.624919
11.901515
0.785532
17.198698
12.526705
11.719525
3.571461
11.901738
19.595162
13.521146
4.840290
8.765684
13.779865
6.622353
4.322453
4.532567
19.117918
12.097889
8.970765
5.856744
1.644525
12.486289
17.702056
5.227996
18.897467
15.902394
7.295601
1.586385
16.959633
3.450840
9.314331
1.585552
15.353355
10.100863
18.785251
7.881060
1.821388
2.357712
19.783798
1.417550
15.879858
4.625088
10.184233
9.660723
11.248441
14.507686
14.194290
10.367359
6.606575
3.166055
16.225103
8.252100
15.653344
13.928159
13.481095
14.551811
9.831553
0.777696
16.139196
6.792186
4.229537
5.454527
8.378739
19.583892
15.556389
7.164989
7.465952
17.378777
9.523701
7.250751
18.797327
5.404559
11.876839
8.982560
15.066282
3.126280
3.491246
9.261572
13.494639
10.098821
12.428627
9.720742
18.351921
8.082971
3.649901
11.834016
2.635782
13.482454
12.612712
18.775978
0.275640
16.843249
4.231504
8.655379
16.428141
19.788894
15.821368
3.895093
17.168671
5.346069
11.146844
15.966997
10.751628
3.024683
4.950557
5.818909
6.151963
8.442803
15.081481
19.647602
18.542624
7.511108
9.369343
16.895545
15.595079
13.020244
8.730561
18.231861
6.503698
1.344273
17.008839
6.780338
18.188522
1.241343
15.436717
14.617663
1.031237
11.259085
18.513757
18.200908
16.606154
9.661600
14.168905
7.358781
12.687283
19.120462
13.178691
18.840246
7.564265
8.261172
18.488847
6.107889
15.773280
7.859190
3.004434
11.369360
0.880434
11.735995
9.602221
7.385132
13.081268
6.612060
14.166470
11.270790
7.854404
9.604187
5.889454
8.886641
0.864272
4.404211
7.088549
17.471426
14.066811
1.258453
4.831207
6.755094
0.379915
18.010898
5.596340
7.945181
6.273070
4.086187
14.054070
2.047351
11.946377
17.059504
13.417711
12.827812
8.796499
3.020932
0.213944
1.878767
9.633992
14.381414
13.150557
17.489396
3.986601
19.041011
6.377037
4.851873
3.446222
13.466586
2.324299
17.514033
14.726039
7.156506
4.270127
15.106955
5.168405
9.867466
3.053135
11.442475
13.954653
17.108205
13.490826
5.902031
14.168709
6.909536
18.730843
2.966208
9.931468
18.945787
4.845975
19.566460
13.328201
17.997533
17.056856
17.315802
17.039544
3.434893
2.168676
0.486766
16.902479
4.493975
18.001799
11.629518
11.651481
2.272925
6.737473
16.820886
12.141392
9.791608
8.264361
6.097045
6.900813
1.756187
12.000076
1.070522
8.666723
10.731919
4.037731
18.599191
9.678706
8.884706
18.166651
3.007907
6.883239
15.224508
0.324709
3.923783
18.660401
2.494385
4.411549
15.563880
6.989360
2.414348
7.194398
18.641841
4.688273
13.932871
15.463727
16.830665
3.725479
3.729088
2.928710
10.627292
5.486275
14.929786
11.698814
14.153998
5.662705
15.737545
12.754189
15.342410
4.623251
10.921841
18.351317
11.507490
6.147349
18.677026
15.432274
4.808750
1.172411
19.844823
0.373630
8.162770
2.260171
7.569028
6.805612
6.949444
1.502899
2.270339
3.781108
5.229378
6.000427
6.710818
15.857669
11.487703
1.641604
7.557483
5.642701
7.305308
3.296028
18.397890
2.648718
7.920279
9.320731
1.001035
19.428769
15.469080
19.679061
14.862043
0.278830
0.852472
14.707866
0.653459
9.016242
16.969037
8.223488
15.822854
3.919480
9.727387
18.094193
7.701588
14.957764
4.095620
14.413406
10.816433
15.584323
16.056010
18.374916
1.228024
3.362318
1.671944
19.626914
6.012037
9.593223
8.948645
7.014072
9.022993
4.418725
6.694133
3.886036
4.698554
7.547604
18.594902
5.353014
16.564846
15.564938
13.577501
12.388700
19.485419
3.305888
10.483893
7.188007
18.264652
14.580513
1.602414
9.082085
10.165835
17.659424
7.458001
11.394859
1.022742
9.130946
11.022773
7.035778
18.725169
19.972418
14.050850
7.749161
4.392143
0.745983
11.636197
9.091698
8.294587
10.232099
14.445711
4.860433
5.798037
8.024213
17.250133
5.284456
11.331101
7.735025
12.473463
9.596753
2.316538
14.076876
18.679838
12.483373
11.737300
6.138840
3.879232
12.761042
15.270785
14.903006
19.797820
13.996954
14.876424
13.849670
1.747115
19.269567
14.596653
13.384312
8.362265
2.892239
3.617411
2.808976
7.753672
9.416448
10.834189
5.004805
14.701904
2.166290
12.740830
7.176367
11.764043
15.058368
1.254243
10.444881
7.542742
12.992543
16.584721
11.422974
5.754585
11.856506
6.326980
5.553405
5.854460
1.204404
19.404075
7.602576
0.474971
14.001728
0.987888
8.838235
16.894967
4.606299
11.648212
4.649639
14.023747
2.483401
9.655444
8.726651
4.650691
2.397274
15.904018
16.415734
17.456643
17.159261
6.861615
5.000384
10.152804
3.447336
16.424358
15.908389
15.304843
2.752338
1.462794
1.160303
3.957742
0.867869
8.763879
4.433713
14.870596
9.752767
13.272948
11.766563
14.360066
4.922160
16.417202
8.384813
7.406561
6.073646
17.112464
12.058252
8.471921
13.017481
8.474986
5.929564
10.177742
15.337601
10.930948
0.331546
18.785937
7.356307
16.240935
14.091780
10.109645
17.704729
15.253084
14.068387
18.573598
4.017963
18.503099
13.445194
13.771730
11.777047
5.212757
8.132796
16.700207
1.630960
16.518609
4.107768
7.705606
13.632073
16.167019
16.178527
6.650555
4.643005
2.109091
16.829297
19.981606
13.041039
17.161843
18.768543
0.398345
13.403778
12.861323
10.508990
11.109507
8.115407
4.578377
9.684105
12.134370
3.082476
3.130299
5.907100
14.860523
8.344057
14.040896
11.561730
9.976017
10.560505
15.670498
17.682623
4.193579
11.838517
13.862150
10.845133
16.482522
15.972240
7.675430
16.465127
9.014279
4.838273
15.234671
9.413624
18.243051
8.096994
19.923615
9.353559
16.213401
4.502991
19.038664
8.348771
7.586467
2.169963
14.256871
2.447990
10.515020
8.298767
14.010720
0.492036
18.860272
9.682218
18.175659
3.054851
1.521735
12.038809
13.900984
18.005256
8.012049
1.577414
14.471384
17.027329
6.416687
9.707054
6.441953
4.660739
17.805048
6.366568
14.015297
14.019449
10.870559
13.054961
2.369220
18.458026
15.225924
16.627091
0.907016
5.741944
4.926857
14.918735
6.234980
3.788129
4.601953
4.411639
6.843980
6.124688
16.451448
0.745964
4.130944
4.464498
2.324378
18.603327
1.492826
8.742065
8.311382
7.935779
13.403804
6.117430
14.303347
7.420101
0.137879
5.174906
0.476061
2.508099
3.633932
15.702985
19.136190
4.541947
1.445929
4.064047
19.461683
7.681909
7.853177
4.064636
12.094548
14.698157
10.190323
8.546996
15.445121
14.322267
13.012494
17.770499
12.926595
14.506320
6.513564
1.238976
2.443099
19.918367
7.357406
16.747447
7.339468
7.496285
1.923353
7.816529
10.005385
5.558284
3.520514
9.142575
10.101231
4.967443
13.207622
9.563914
12.650352
1.061799
13.629549
4.745900
15.760956
3.820873
13.293896
11.207077
18.144140
6.307389
8.978575
11.071734
0.814709
15.493139
12.311711
3.258809
15.412506
19.670117
0.007255
2.752974
7.167402
1.931608
10.570503
17.173787
7.490892
14.092018
6.317362
17.593123
19.060461
19.525984
7.158037
11.711812
0.588783
0.788586
16.458712
16.350739
4.610459
9.753608
7.558816
2.755599
16.061997
16.538391
13.828333
16.877706
12.032530
6.141044
0.137514
7.446037
5.812161
0.145770
10.200011
12.980564
2.078377
0.771514
10.155351
9.570269
14.864531
16.473713
7.164392
13.925992
16.000697
14.323429
5.638804
16.590480
15.113015
2.098516
12.942219
19.724474
11.853124
0.502035
2.481073
7.916121
17.041427
16.310407
4.794827
9.074957
2.452451
4.933341
16.521994
8.265612
5.080110
6.723004
1.247176
7.159488
7.495518
11.403527
16.730757
2.361050
7.878240
3.896148
16.288042
3.879936
18.220577
1.927846
0.471416
13.334592
4.027363
13.414636
13.060066
15.881487
13.917671
15.542139
3.798607
10.960097
11.853546
8.594434
0.036054
14.306997
13.528775
16.559048
2.573609
18.609885
3.283052
3.821785
5.770373
10.779571
15.226311
2.502130
13.141621
3.105551
6.399278
9.430663
6.986488
4.620855
11.359509
7.458904
17.956447
15.387872
0.874540
11.017514
11.270359
14.793210
6.560653
15.069966
5.754307
18.415199
3.665400
5.791362
12.723196
17.195175
2.351410
15.297805
15.806060
5.635462
19.120589
1.577433
16.416033
14.347901
4.080563
9.558654
17.454452
